2328 / 02.02.2015 11:59
30 10 17 9 11
5 791 545
2327 / 01.02.2015 23:59
13 2 4 36 18
4 909 755
2326 / 01.02.2015 11:59
8 34 13 22 19
4 427 160
2325 / 31.01.2015 23:59
10 33 16 3 23
3 948 150
2324 / 31.01.2015 11:59
14 21 8 13 34
3 379 410
2323 / 30.01.2015 23:59
7 11 10 9 25
2 699 940
2322 / 30.01.2015 11:59
2 20 31 8 30
2 336 085
2321 / 29.01.2015 23:59
11 29 7 9 32
1 962 420
2320 / 29.01.2015 11:59
12 19 25 14 3
1 591 845
2319 / 28.01.2015 23:59
9 13 14 22 21
1 161 285
2318 / 28.01.2015 11:59
14 24 17 31 9
935 175
2317 / 27.01.2015 23:59
35 11 26 20 3
621 030
2316 / 27.01.2015 11:59
14 19 9 36 10
403 500
2315 / 26.01.2015 23:59
27 31 22 29 17
300 000
2314 / 26.01.2015 11:59
10  20  22  24  30
300 000
2313 / 25.01.2015 23:59
8  16  24  28  35  суперприз
разыгран
3 147 030
2312 / 25.01.2015 11:59
3  5  16  22  27
2 467 815
2311 / 24.01.2015 23:59
17  24  25  26  32
1 877 775
2310 / 24.01.2015 11:59
4  8  10  23  34
1 665 945
2309 / 23.01.2015 23:59
8  11  17  33  35
1 210 575
2308 / 23.01.2015 11:59
1  3  12  33  36
960 990
2307 / 22.01.2015 23:59
3  6  13  21  31
632 505
2306 / 22.01.2015 11:59
2  10  24  33  36
376 350
2305 / 21.01.2015 23:59
3  15  20  23  33
300 000
2304 / 21.01.2015 11:59
4  12  19  24  30
300 000
2303 / 20.01.2015 23:59
14  15  19  33  36  суперприз
разыгран
1 313 745
2302 / 20.01.2015 11:59
3  5  6  18  20
605 745
2301 / 19.01.2015 23:59
11  14  16  22  27
420 885
2300 / 19.01.2015 11:59
3  4  11  19  27
300 000
2299 / 18.01.2015 23:59
7  19  21  22  26
300 000
2298 / 18.01.2015 11:59
3  8  12  15  36  суперприз
разыгран
2 892 240
2297 / 17.01.2015 23:59
1  5  12  18  22
2 050 635
2296 / 17.01.2015 11:59
1  14  19  30  36
1 677 075
2295 / 16.01.2015 23:59
8  10  11  16  29
1 310 655
2294 / 16.01.2015 11:59
10  15  22  29  31
1 093 395
2293 / 15.01.2015 23:59
5  9  24  25  36
656 460
2292 / 15.01.2015 11:59
5  6  11  14  34
391 200
2291 / 14.01.2015 23:59
3  10  17  28  33
300 000
2290 / 14.01.2015 11:59
13  15  17  23  33
300 000
2289 / 13.01.2015 23:59
8  10  13  15  23  суперприз
разыгран
6 225 945
2288 / 13.01.2015 11:59
3  23  26  29  34
5 304 060
2287 / 12.01.2015 23:59
4  9  12  21  31
4 765 965
2286 / 12.01.2015 11:59
20  22  1  31  28
4 291 215
2285 / 11.01.2015 23:59
1  11  22  26  5
3 738 480
2284 / 11.01.2015 11:59
15  5  27  16  1
3 420 315
2283 / 10.01.2015 23:59
24  11  36  10  19
2 889 240
2282 / 10.01.2015 11:59
24  3  19  12  10
2 535 165
2281 / 09.01.2015 23:59
11  23  26  17  3
2 130 090
2280 / 09.01.2015 11:59
2  13  12  26  20
1 823 925
2279 / 08.01.2015 23:59
6  23  25  35  1
1 342 950
2278 / 08.01.2015 11:59
30  18  9  34  19
1 116 960
2277 / 07.01.2015 23:59
5  16  28  20  4
821 415
2276 / 07.01.2015 11:59
29  28  33  27  35
572 325
2274 / 06.01.2015 11:59
21  35  26  20  1
300 000
2273 / 05.01.2015 23:59
10  8  4  34  25  суперприз
разыгран
23 484 315
январь
Тираж / Дата
Выпавшие числа
Суперприз, руб.
2272 / 05.01.2015 11:59
4  15  10  16  30
21 223 170
2271 / 04.01.2015 23:59
34  3  18  35  15
19 795 185
2270 / 04.01.2015 11:59
10  29  4  18  3
19 044 810
2269 / 03.01.2015 23:59
5  34  29  3  32
17 961 615
2268 / 03.01.2015 11:59
8  28  12  34  29
17 301 375
2267 / 02.01.2015 23:59
27  25  29  23  22
16 393 845
2266 / 02.01.2015 11:59
17  36  22  21  28
15 989 025
2265 / 01.01.2015 23:59
29  13  3  30  7
15 440 400
2264 / 01.01.2015 11:59
32  21  29  19  31
15 167 760
декабрь
Тираж / Дата
Выпавшие числа
Суперприз, руб.
2263 / 31.12.2014 23:59
23  5  28  1  15
14 817 615
2262 / 31.12.2014 21:59
36  35  3  12  11
13 869 045
2261 / 31.12.2014 17:59
27  36  30  34  12
12 651 960
2260 / 31.12.2014 13:59
31  23  1  2  26
11 507 430
2259 / 31.12.2014 09:59
7  9  21  26  15
11 149 530
2258 / 31.12.2014 05:59
20  18  3  17  31
10 790 400
2257 / 30.12.2014 23:59
25  8  7  3  33
10 372 920
2256 / 30.12.2014 21:59
2  21  34  32  3
10 000 000
2255 / 30.12.2014 17:59
1  33  30  34  21
10 000 000
2254 / 30.12.2014 13:59
7  36  1  17  25
10 000 000
2253 / 30.12.2014 09:59
1  20  34  26  36
10 000 000
2252 / 30.12.2014 05:59
16  18  22  13  7
10 000 000
2251 / 29.12.2014 23:59
32  31  2  6  9
10 000 000
2250 / 29.12.2014 21:59
27  4  18  20  5
10 000 000
2249 / 29.12.2014 17:59
33  8  26  18  24
10 000 000
2248 / 29.12.2014 13:59
3  6  33  1  25
10 000 000
2247 / 29.12.2014 09:59
36  8  32  6  13
10 000 000
2246 / 29.12.2014 05:59
15  18  29  11  1
10 000 000
2245 / 28.12.2014 23:59
19  29  34  25  18
3 810 420
2244 / 28.12.2014 11:59
32  27  31  5  7
3 415 545
2243 / 27.12.2014 23:59
10  33  6  20  19
2 832 810
2242 / 27.12.2014 11:59
16  33  32  13  36
2 370 465
2241 / 26.12.2014 23:59
32  29  2  11  17
1 849 215
2240 / 26.12.2014 11:59
21  32  13  23  10
1 643 610
2239 / 25.12.2014 23:59
17  27  12  35  18
1 242 195
2238 / 25.12.2014 11:59
11  1  17  9  7
1 036 170
2237 / 24.12.2014 23:59
2  19  14  31  16
574 035
2236 / 24.12.2014 11:59
27  14  28  5  31
358 275
2235 / 23.12.2014 23:59
33  17  15  23  36
300 000
2234 / 23.12.2014 11:59
32  20  27  3  18  суперприз
разыгран
11 097 375
2233 / 22.12.2014 23:59
22  20  32  8  19
9 560 835
2232 / 22.12.2014 11:59
17  34  2  30  28
9 078 765
2231 / 21.12.2014 23:59
5  31  36  27  33
8 153 010
2230 / 21.12.2014 11:59
17  1  12  20  15
7 652 805
2229 / 20.12.2014 23:59
30  28  21  13  32
6 975 690
2228 / 20.12.2014 11:59
16  31  19  27  6
6 511 440
2227 / 19.12.2014 23:59
30  19  27  32  20
5 697 060
2226 / 19.12.2014 11:59
24  15  3  28  30
5 238 840
2225 / 18.12.2014 23:59
31  33  19  5  21
4 714 155
2224 / 18.12.2014 11:59
24  16  30  14  18
4 252 080
2223 / 17.12.2014 23:59
29  36  25  12  24
3 557 160
2222 / 17.12.2014 11:59
16  18  35  17  30
3 074 295
2221 / 16.12.2014 23:59
24  13  19  17  8
2 499 540
2220 / 16.12.2014 11:59
36  35  26  7  6
2 150 655
2219 / 15.12.2014 23:59
3  22  28  24  21
1 709 055
2218 / 15.12.2014 11:59
27  36  2  30  20
1 508 565
2217 / 14.12.2014 23:59
33  35  31  34  19
1 044 075
2216 / 14.12.2014 11:59
10  4  20  13  28
877 995
2215 / 13.12.2014 23:59
6  27  8  36  26
572 610
2214 / 13.12.2014 11:59
30  36  9  31  27
353 595
2213 / 12.12.2014 23:59
15  8  4  6  30
300 000
2212 / 12.12.2014 11:59
15  14  24  7  10  суперприз
разыгран
6 503 655
2211 / 11.12.2014 23:59
32  9  26  24  14
5 164 845
2210 / 11.12.2014 11:59
14  35  12  26  11
4 825 530
2209 / 10.12.2014 23:59
25  1  17  2  13
4 063 590
2208 / 10.12.2014 11:59
4  12  8  36  16
3 686 625
2207 / 09.12.2014 23:59
19  1  4  32  12
2 982 900
2206 / 09.12.2014 11:59
13  32  19  34  16
2 563 710
2205 / 08.12.2014 23:59
30  15  17  7  4
2 127 270
2204 / 08.12.2014 11:59
16  29  34  9  8
1 917 585
2203 / 07.12.2014 23:59
6  24  36  27  17
1 491 180
2202 / 07.12.2014 11:59
13  34  15  36  26
1 196 805
2201 / 06.12.2014 23:59
23  34  6  30  17
828 000
2200 / 06.12.2014 11:59
3  33  21  23  35
633 765
2199 / 05.12.2014 23:59
26  33  29  14  24
300 000
2198 / 05.12.2014 11:59
19  32  11  36  27
300 000
2197 / 04.12.2014 23:59
35  4  9  20  14  суперприз
разыгран
18 507 390
2196 / 04.12.2014 11:59
30  19  18  32  9
16 761 225
2195 / 03.12.2014 23:59
25  6  22  20  26
15 231 345
2194 / 03.12.2014 11:59
3  17  13  12  34
14 626 680
2193 / 02.12.2014 23:59
4  13  30  31  20
13 798 365
2192 / 02.12.2014 11:59
36  29  22  26  33
13 180 065
2191 / 01.12.2014 23:59
10  1  34  6  33
11 817 495
2190 / 01.12.2014 11:59
24  35  30  28  10
11 328 240
декабрь
Тираж / Дата
Выпавшие числа
Суперприз, руб.
2190 / 01.12.2014 11:59
24  35  30  28  10
11 328 240
ноябрь
Тираж / Дата
Выпавшие числа
Суперприз, руб.
2189 / 30.11.2014 23:59
15  25  12  26  3
10 693 890
2188 / 30.11.2014 11:59
7  13  1  27  14
10 152 105
2189 / 30.11.2014 23:59
15  25  12  26  3
10 693 890
2187 / 29.11.2014 23:59
34  28  29  2  14
9 312 510
2186 / 29.11.2014 11:59
22  33  9  29  5
9 117 885
2185 / 28.11.2014 23:59
12  25  13  19  21
8 147 490
2184 / 28.11.2014 11:59
30  1  12  28  7
7 550 175
2183 / 27.11.2014 23:59
13  25  7  5  10
6 857 205
2182 / 27.11.2014 11:59
20  25  30  18  36
6 287 475
2181 / 26.11.2014 23:59
1  32  28  21  35
5 530 440
2180 / 26.11.2014 11:59
17  6  35  12  14
4 992 300
2179 / 25.11.2014 23:59
8  36  2  6  25
4 233 060
2178 / 25.11.2014 11:59
30  15  3  36  24
3 780 435
2177 / 24.11.2014 23:59
11  5  18  6  33
3 124 995
2176 / 24.11.2014 11:59
6  14  18  11  2
2 722 680
2175 / 23.11.2014 23:59
30  17  25  14  11
2 230 005
2175 / 23.11.2014 23:59
30  17  25  14  11 
2 230 005
2174 / 23.11.2014 11:59
20  28  33  16  10 
1 928 355
2173 / 22.11.2014 23:59
2  25  10  20  11 
1 498 200
2172 / 22.11.2014 11:59
9  4  20  11  3 
1 206 585
2171 / 21.11.2014 23:59
24  11  16  13  18 
736 320
2170 / 21.11.2014 11:59
28  13  1  11  20 
486 825
2169 / 20.11.2014 23:59
33  5  15  29  7 
300 000
2168 / 20.11.2014 11:59
31  35  10  14  5 
300 000
2167 / 19.11.2014 23:59
31  12  2  16  21  суперприз
разыгран
12 759 345
2166 / 19.11.2014 11:59
14  36  9  27  28 
10 862 760
2165 / 18.11.2014 23:59
25  28  21  29  4 
9 967 335
2164 / 18.11.2014 11:59
6  7  9  36  33 
9 270 645
2163 / 17.11.2014 23:59
15  34  13  3  7 
8 434 485
2162 / 17.11.2014 11:59
34  2  15  1  24 
7 732 500
2161 / 16.11.2014 23:59
34  19  6  11  36 
6 862 140
2160 / 16.11.2014 11:59
23  17  19  2  9 
6 393 015
2159 / 15.11.2014 23:59
26  36  21  2  10 
5 692 035
2158 / 15.11.2014 11:59
21  31  30  34  8 
5 124 615
2157 / 14.11.2014 23:59
30  17  26  10  36 
4 438 080
2156 / 14.11.2014 11:59
30  28  27  35  14 
3 980 310
2155 / 13.11.2014 23:59
6  14  21  30  23 
3 253 575
2154 / 13.11.2014 11:59
34  6  2  31  11 
2 771 895
2153 / 12.11.2014 23:59
31  11  3  8  33 
2 206 950
2152 / 12.11.2014 11:59
5  19  30  33  21 
1 958 220
2151 / 11.11.2014 23:59
11  4  29  20  35 
1 561 320
2150 / 11.11.2014 11:59
3  1  25  2  9 
1 181 715
2149 / 10.11.2014 23:59
30  9  13  26  20 
774 225
2148 / 10.11.2014 11:59
11  13  26  34  15 
646 710
2147 / 09.11.2014 23:59
14  36  33  5  3 
303 240
2146 / 09.11.2014 11:59
24  27  31  12  16 
300 000
2145 / 08.11.2014 23:59
36  2  4  13  8
17 977 740
2144 / 08.11.2014 11:59
11  31  4  25  14 
15 892 005
2143 / 07.11.2014 23:59
29  22  36  13  2 
14 543 445
2142 / 07.11.2014 11:59
26  33  13  19  18 
13 780 650
2141 / 06.11.2014 23:59
26  29  32  31  23 
12 235 875
2140 / 06.11.2014 11:59
11  29  33  30  19 
11 494 305
2139 / 05.11.2014 23:59
13  19  8  36  1 
10 376 325
2138 / 05.11.2014 11:59
25  20  7  6  12 
9 680 520
2137 / 04.11.2014 23:59
23  7  15  26  35 
9 115 410
2136 / 04.11.2014 11:59
32  28  15  4  9 
8 580 150
2135 / 03.11.2014 23:59
4  9  27  2  13 
7 980 435
2134 / 03.11.2014 11:59
26  7  15  22  19 
7 517 220
2133 / 02.11.2014 23:59
28  4  29  25  2 
6 740 010
2132 / 02.11.2014 11:59
18  15  25  13  33 
6 222 930
2131 / 01.11.2014 23:59
36  8  15  7  32 
5 638 995
2130 / 01.11.2014 11:59
22  5  16  9  1 
5 162 430
2129 / 31.10.2014 23:59
14  28  15  2  9 
4 733 175
2128 / 31.10.2014 11:59
35  16  19  20  13 
4 151 115
2127 / 30.10.2014 23:59
4  11  34  5  31 
3 453 045
2126 / 30.10.2014 11:59
14  24  7  25  35 
2 973 825
2125 / 29.10.2014 23:59
35  12  19  1  33 
2 225 265
2124 / 29.10.2014 11:59
21  9  26  33  13 
1 946 775
2123 / 28.10.2014 23:59
32  30  33  24  35 
1 409 595
2122 / 28.10.2014 11:59
30  6  21  20  5 
1 113 570
2121 / 27.10.2014 23:59
22  10  9  36  7 
800 595
2120 / 27.10.2014 11:59
35  11  22  7  33 
594 255
2119 / 26.10.2014 23:59
17  10  6  31  22 
316 140
2118 / 26.10.2014 11:59
28  10  31  25  26 
300 000
2117 / 25.10.2014 23:59
2  18  28  33  15
22 985 610
2116 / 25.10.2014 11:59
4  5  20  3  36 
20 695 530
2115 / 24.10.2014 23:59
6  12  19  29  34 
18 644 715
2114 / 24.10.2014 11:59
2  35  11  16  1 
17 639 565
2113 / 23.10.2014 23:59
5  31  18  10  19 
16 286 265
2112 / 23.10.2014 11:59
27  7  29  34  6 
15 326 220
2111 / 22.10.2014 23:59
31  9  5  6  2 
14 008 080
2110 / 22.10.2014 11:59
13  25  12  14  36 
13 029 480
2109 / 21.10.2014 23:59
14  31  25  13  10 
11 701 200
2108 / 21.10.2014 11:59
17  14  27  10  11 
11 293 335
2107 / 20.10.2014 23:59
21  1  7  19  34 
10 044 570
2106 / 20.10.2014 11:59
16  4  22  2  21 
9 457 530
2105 / 19.10.2014 23:59
34  21  9  22  4 
8 789 820
2104 / 19.10.2014 11:59
32  31  29  34  35 
8 178 450
2103 / 18.10.2014 23:59
25  32  13  30  28 
7 237 605
2102 / 18.10.2014 11:59
24  25  1  23  35 
6 555 870
2101 / 17.10.2014 23:59
25  2  27  15  4 
5 872 830
2100 / 17.10.2014 11:59
10  17  3  6  35 
5 339 535
2099 / 16.10.2014 23:59
30  35  25  10  33 
4 556 400
2098 / 16.10.2014 11:59
16  3  10  7  4 
4 151 070
2097 / 15.10.2014 23:59
14  15  7  23  18 
3 757 590
2096 / 15.10.2014 11:59
12  25  22  34  24 
3 276 390
2095 / 14.10.2014 23:59
10  11  2  13  32 
2 640 705
2094 / 14.10.2014 11:59
10  20  24  22  15 
2 316 885
2093 / 13.10.2014 23:59
13  1  20  21  3 
1 840 530
2092 / 13.10.2014 11:59
33  29  32  26  2 
1 499 670
2091 / 12.10.2014 23:59
15  1  30  2  17 
1 059 000
2090 / 12.10.2014 11:59
19  16  28  6  7 
903 060
2089 / 11.10.2014 23:59
25  34  9  8  30 
505 380
2088 / 11.10.2014 11:59
5  1  21  2  31 
300 000
2087 / 10.10.2014 23:59
23  11  17  13  34 
300 000
2086 / 10.10.2014 11:59
32  29  8  26  28
10 164 840
2085 / 09.10.2014 23:59
31  35  2  27  30 
8 741 805
2084 / 09.10.2014 11:59
29  6  24  3  20 
8 027 640
2083 / 08.10.2014 23:59
24  22  15  21  19 
7 042 680
2082 / 08.10.2014 11:59
35  9  19  3  26 
6 516 465
2081 / 07.10.2014 23:59
4  30  36  26  1 
5 517 270
2080 / 07.10.2014 11:59
9  28  16  20  11 
5 301 375
2079 / 06.10.2014 23:59
20  8  19  3  12 
4 547 385
2078 / 06.10.2014 11:59
7  22  31  15  1 
4 170 855
2077 / 05.10.2014 23:59
27  8  25  4  33 
3 649 005
2076 / 05.10.2014 11:59
8  6  5  15  27 
3 339 225
2075 / 04.10.2014 23:59
12  3  24  26  6 
2 784 825
2074 / 04.10.2014 11:59
35  13  15  20  23 
2 459 430
2073 / 03.10.2014 23:59
7  4  8  5  25 
1 961 325
2072 / 03.10.2014 11:59
20  22  34  26  33 
1 633 785
2071 / 02.10.2014 23:59
8  5  21  11  13 
1 381 635
2070 / 02.10.2014 11:59
19  23  31  13  29 
1 103 025
2069 / 01.10.2014 23:59
2  15  22  33  28 
787 275
2068 / 01.10.2014 11:59
18  30  33  6  24 
523 605
2067 / 30.09.2014 23:59
6  23  14  8  15 
300 000
2066 / 30.09.2014 11:59
33  22  27  17  10 
300 000
2065 / 29.09.2014 23:59
8  21  2  5  32
15 723 165
2064 / 29.09.2014 11:59
5  28  36  1  19 
13 833 780
2063 / 28.09.2014 23:59
5  33  30  27  16 
12 830 385
2062 / 28.09.2014 11:59
19  5  3  20  18 
12 053 055
2061 / 27.09.2014 23:59
10  22  16  21  26 
11 059 665
2060 / 27.09.2014 11:59
9  19  21  14  3 
10 526 685
2059 / 26.09.2014 23:59
29  1  26  4  20 
9 347 430
2058 / 26.09.2014 11:59
6  10  19  30  23 
8 792 655
2057 / 25.09.2014 23:59
32  34  9  20  10 
8 095 125
2056 / 25.09.2014 11:59
5  2  36  31  4 
7 294 155
2055 / 24.09.2014 23:59
5  18  36  33  12 
6 550 515
2054 / 24.09.2014 11:59
34  28  35  3  13 
5 953 530
2053 / 23.09.2014 23:59
26  28  27  22  14 
5 297 220
2052 / 23.09.2014 11:59
26  33  25  1  23 
4 667 550
2051 / 22.09.2014 23:59
9  34  16  6  1 
3 962 475
2050 / 22.09.2014 11:59
31  12  29  23  1 
3 393 990
2049 / 21.09.2014 23:59
4  14  21  12  31 
2 924 880
2048 / 21.09.2014 11:59
29  36  17  20  33 
2 581 605
2047 / 20.09.2014 23:59
8  28  16  21  36 
2 184 735
2046 / 20.09.2014 11:59
12  25  3  36  33 
1 769 340
2045 / 19.09.2014 23:59
16  15  34  30  32 
1 301 955
2044 / 19.09.2014 11:59
19  13  20  36  12 
957 810
2043 / 18.09.2014 23:59
6  24  31  35  13 
512 115
2042 / 18.09.2014 11:59
3  24  20  17  13 
300 000
2041 / 17.09.2014 23:59
16  5  23  28  19 
300 000
2040 / 17.09.2014 11:59
12  15  23  2  11
7 131 180
2039 / 16.09.2014 23:59
2  1  23  33  31 
5 463 885
2038 / 16.09.2014 11:59
17  2  25  7  26 
4 930 035
2037 / 15.09.2014 23:59
12  29  6  2  21 
4 218 120
2036 / 15.09.2014 11:59
34  13  36  8  29 
3 855 540
2035 / 14.09.2014 23:59
33  6  17  22  24 
3 246 375
2034 / 14.09.2014 11:59
22  7  4  29  28 
3 072 870
2033 / 13.09.2014 23:59
3  26  33  24  35 
2 444 730
2032 / 13.09.2014 11:59
12  33  14  35  3 
2 034 525
2031 / 12.09.2014 23:59
6  9  27  31  14 
1 566 585
2030 / 12.09.2014 11:59
19  1  36  27  10 
1 304 160
2029 / 11.09.2014 23:59
10  6  21  8  9 
917 835
2028 / 11.09.2014 11:59
6  1  14  35  30 
602 670
2027 / 10.09.2014 23:59
22  25  17  26  13 
300 000
2026 / 10.09.2014 11:59
6  22  16  5  23 
300 000
2025 / 09.09.2014 23:59
12  21  9  24  36
527 925
2024 / 09.09.2014 11:59
8  12  28  6  30
23 896 890
2023 / 08.09.2014 23:59
11  36  21  14  10 
21 031 140
2022 / 08.09.2014 11:59
27  6  30  12  23 
19 903 650
2021 / 07.09.2014 23:59
5  36  1  12  2 
18 108 285
2020 / 07.09.2014 11:59
33  13  20  17  31 
17 326 770
2019 / 06.09.2014 23:59
9  14  16  27  30 
16 500 645
2018 / 06.09.2014 11:59
3  2  15  6  22 
15 778 800
2017 / 05.09.2014 23:59
32  33  28  24  25 
14 319 045
2016 / 05.09.2014 11:59
30  26  36  18  5 
13 346 655
2015 / 04.09.2014 23:59
4  3  27  30  35 
12 136 860
2014 / 04.09.2014 11:59
20  9  5  32  17 
11 415 345
2013 / 03.09.2014 23:59
3  13  1  17  26 
10 172 595
2012 / 03.09.2014 11:59
20  11  4  1  35 
9 395 175
2011 / 02.09.2014 23:59
29  14  23  3  18 
8 425 215
2010 / 02.09.2014 11:59
2  21  30  20  16 
7 869 465
2009 / 01.09.2014 23:59
24  15  14  8  29 
6 898 320
2008 / 01.09.2014 11:59
16  33  10  8  18 
6 428 670
2007 / 31.08.2014 23:59
36  17  33  29  15 
5 624 850
2006 / 31.08.2014 11:59
3  31  30  14  29 
5 130 315
2005 / 30.08.2014 23:59
28  10  26  1  36 
4 305 390
2004 / 30.08.2014 11:59
27  12  32  20  36 
3 847 800
2003 / 29.08.2014 23:59
14  21  28  31  30 
3 067 455
2002 / 29.08.2014 11:59
21  15  13  7  35 
2 779 020
2001 / 28.08.2014 23:59
14  9  3  8  19 
2 193 630
2000 / 28.08.2014 11:59
15  17  7  19  18 
1 821 555
1999 / 27.08.2014 23:59
30  5  26  27  15 
1 349 580
1998 / 27.08.2014 11:59
25  20  36  3  26 
984 045
1997 / 26.08.2014 23:59
22  8  1  17  28 
657 510
1996 / 26.08.2014 11:59
4  6  3  1  7 
406 890
1995 / 25.08.2014 23:59
5  11  13  17  33 
300 000
1994 / 25.08.2014 11:59
16  4  9  13  5 
300 000
1993 / 24.08.2014 23:59
11  8  32  12  7
5 521 290
1992 / 24.08.2014 11:59
24  3  17  11  1 
4 332 255
1991 / 23.08.2014 23:59
26  27  35  8  31 
3 910 770
1990 / 23.08.2014 11:59
22  32  25  11  31 
3 389 220
1989 / 22.08.2014 23:59
30  22  28  7  24 
2 750 310
1988 / 22.08.2014 11:59
23  4  17  31  30 
2 277 480
1987 / 21.08.2014 23:59
29  21  23  30  36 
1 642 605
1986 / 21.08.2014 11:59
29  21  24  35  27 
1 340 805
1985 / 20.08.2014 23:59
22  35  20  8  25 
933 555
1984 / 20.08.2014 11:59
14  28  19  7  17 
669 315
1983 / 19.08.2014 23:59
25  7  4  23  24 
300 000
1982 / 19.08.2014 11:59
24  9  15  27  10 
300 000
1981 / 18.08.2014 23:59
19  22  35  24  7
8 144 265
1980 / 18.08.2014 11:59
7  27  6  9  8 
6 555 045
1979 / 17.08.2014 23:59
17  5  28  21  25 
5 932 890
1978 / 17.08.2014 11:59
15  20  6  36  2 
5 399 685
1977 / 16.08.2014 23:59
5  4  1  17  14 
4 681 200
1976 / 16.08.2014 11:59
21  6  1  27  13 
4 244 580
1975 / 15.08.2014 23:59
7  22  10  1  21 
3 554 130
1974 / 15.08.2014 11:59
18  15  26  24  8 
3 141 960
1973 / 14.08.2014 23:59
7  33  22  4  30 
2 476 020
1972 / 14.08.2014 11:59
28  11  4  12  19 
2 093 685
1971 / 13.08.2014 23:59
19  20  5  34  21 
1 511 940
1970 / 13.08.2014 11:59
36  28  24  6  30 
1 140 075
1969 / 12.08.2014 23:59
3  26  12  23  35 
760 080
1968 / 12.08.2014 11:59
6  35  9  20  12 
468 900
1967 / 11.08.2014 23:59
20  35  5  10  26 
300 000
1966 / 11.08.2014 11:59
35  32  34  10  8
15 225 825
1965 / 10.08.2014 23:59
22  28  25  33  19 
13 346 550
1964 / 10.08.2014 11:59
7  29  32  26  16 
12 685 560
1963 / 09.08.2014 23:59
35  18  9  15  34 
11 619 600
1962 / 09.08.2014 11:59
12  11  35  18  17 
10 770 555
1961 / 08.08.2014 23:59
2  24  4  18  13 
9 445 290
1960 / 08.08.2014 11:59
2  17  15  12  5 
8 840 430
1959 / 07.08.2014 23:59
21  9  25  22  7 
8 077 890
1958 / 07.08.2014 11:59
18  16  7  11  36 
7 409 220
1957 / 06.08.2014 23:59
15  7  33  34  6 
6 473 790
1956 / 06.08.2014 11:59
16  7  32  11  26 
6 035 055
1955 / 05.08.2014 23:59
35  17  5  2  15 
5 360 745
1954 / 05.08.2014 11:59
14  6  12  32  30 
4 777 815
1953 / 04.08.2014 23:59
27  34  2  5  29 
4 074 825
1952 / 04.08.2014 11:59
4  24  27  5  11 
3 793 875
1951 / 03.08.2014 23:59
21  6  2  27  16 
3 480 285
1950 / 03.08.2014 11:59
7  11  17  2  9 
3 215 040
1949 / 02.08.2014 23:59
36  14  3  13  29 
2 753 775
1948 / 02.08.2014 11:59
24  11  13  6  20 
2 371 155
1947 / 01.08.2014 23:59
28  17  5  35  31 
2 144 190
1946 / 01.08.2014 11:59
20  14  15  32  34 
1 774 905
1945 / 31.07.2014 23:59
18  12  13  33  30 
1 357 110
1944 / 31.07.2014 11:59
8  1  15  9  28 
1 120 485
1943 / 30.07.2014 23:59
34  8  15  5  31 
744 525
1942 / 30.07.2014 11:59
35  26  34  5  17 
548 250
1941 / 29.07.2014 23:59
15  4  28  20  19 
325 035
1940 / 29.07.2014 11:59
18  13  32  15  1 
300 000
1939 / 28.07.2014 23:59
25  23  5  8  16 
300 000
1938 / 28.07.2014 11:59
6  10  2  4  26
1 105 140
1937 / 27.07.2014 23:59
24  17  35  3  7 
647 235
1936 / 27.07.2014 11:59
15  23  22  36  29 
432 030
1935 / 26.07.2014 23:59
3  10  2  28  34 
300 000
1934 / 26.07.2014 11:59
28  7  32  4  16 
300 000
1933 / 25.07.2014 23:59
17  25  33  30  15
2 893 860
1932 / 25.07.2014 11:59
24  1  8  36  27 
1 962 795
1931 / 24.07.2014 23:59
24  33  31  23  14 
1 505 250
1930 / 24.07.2014 11:59
20  36  25  2  32 
1 110 690
1929 / 23.07.2014 23:59
33  25  10  18  11 
713 070
1928 / 23.07.2014 11:59
22  33  6  34  18 
441 555
1927 / 22.07.2014 23:59
10  2  16  18  22 
300 000
1926 / 22.07.2014 11:59
16  6  33  1  17 
300 000
1925 / 21.07.2014 23:59
34  16  13  2  10
2 876 310
1924 / 21.07.2014 11:59
22  29  10  15  2 
2 175 060
1923 / 20.07.2014 23:59
1  13  32  2  6 
1 611 495
1922 / 20.07.2014 11:59
31  30  13  34  10 
1 312 965
1921 / 19.07.2014 23:59
32  35  30  14  25 
911 745
1920 / 19.07.2014 11:59
24  13  36  25  4 
609 240
1919 / 18.07.2014 23:59
4  29  8  12  19 
315 540
1918 / 18.07.2014 11:59
24  34  14  26  7 
300 000
1917 / 17.07.2014 23:59
27  14  9  30  31
10 811 850
1916 / 17.07.2014 11:59
21  30  12  26  20 
9 368 025
1915 / 16.07.2014 23:59
21  6  3  8  1 
8 522 685
1914 / 16.07.2014 11:59
25  19  14  18  13 
7 794 315
1913 / 15.07.2014 23:59
34  35  28  10  5 
6 920 160
1912 / 15.07.2014 11:59
14  21  32  30  15 
6 286 605
1911 / 14.07.2014 23:59
29  28  16  5  23 
5 649 885
1910 / 14.07.2014 11:59
20  21  24  14  27 
5 227 410
1909 / 13.07.2014 23:59
35  6  3  19  23 
4 673 820
1908 / 13.07.2014 11:59
12  26  10  25  32 
4 236 825
1907 / 12.07.2014 23:59
19  14  36  35  15 
3 572 175
1906 / 12.07.2014 11:59
36  30  24  25  16 
3 052 560
1905 / 11.07.2014 23:59
19  35  26  24  9 
2 628 315
1904 / 11.07.2014 11:59
21  29  28  36  10 
2 278 260
1903 / 10.07.2014 23:59
32  27  17  29  36 
1 870 245
1902 / 10.07.2014 11:59
17  2  11  33  1 
1 480 320
1901 / 09.07.2014 23:59
25  5  28  4  23 
1 091 175
1900 / 09.07.2014 11:59
1  32  23  26  18 
791 865
1899 / 08.07.2014 23:59
31  19  22  29  28 
423 180
1898 / 08.07.2014 11:59
11  4  8  17  7 
300 000
1897 / 07.07.2014 23:59
10  8  34  13  27 
300 000
1896 / 07.07.2014 11:59
7  4  26  18  29
16 215 031
1895 / 06.07.2014 23:59
18  4  29  28  14 
14 807 851
1894 / 06.07.2014 11:59
16  17  13  28  2 
14 169 316
1893 / 05.07.2014 23:59
2  3  16  24  8 
13 355 491
1892 / 05.07.2014 11:59
18  36  4  7  14 
12 558 526
1891 / 04.07.2014 23:59
30  19  1  10  7 
11 536 051
1890 / 04.07.2014 11:59
31  6  17  1  27 
10 827 931
1889 / 03.07.2014 23:59
18  23  1  10  17 
9 786 001
1888 / 03.07.2014 11:59
36  34  7  23  28 
9 131 506
1887 / 02.07.2014 23:59
25  1  12  7  24 
8 039 671
1886 / 02.07.2014 11:59
2  26  32  33  12 
7 385 086
1885 / 01.07.2014 23:59
22  35  20  15  2 
6 671 611
1884 / 01.07.2014 11:59
27  9  2  1  3 
6 113 656
1883 / 30.06.2014 23:59
13  22  27  28  32 
5 475 721
1882 / 30.06.2014 11:59
35  18  23  17  1 
4 973 341
1881 / 29.06.2014 23:59
19  20  11  29  17 
4 516 261
1880 / 29.06.2014 11:59
29  20  16  11  3 
4 184 461
1879 / 28.06.2014 23:59
11  7  35  9  25 
3 681 616
1878 / 28.06.2014 11:59
19  29  28  32  12 
3 221 116
1877 / 27.06.2014 23:59
28  16  13  4  26 
2 864 191
1876 / 27.06.2014 11:59
7  18  9  29  6 
2 523 166
1875 / 26.06.2014 23:59
11  25  14  31  32 
1 988 821
1874 / 26.06.2014 11:59
3  7  6  28  1 
1 665 586
1873 / 25.06.2014 23:59
2  6  31  33  35 
1 173 946
1872 / 25.06.2014 11:59
16  31  6  27  23 
973 021
1871 / 24.06.2014 23:59
29  10  22  7  27 
741 946
1870 / 24.06.2014 11:59
34  29  21  33  30 
551 266
1869 / 23.06.2014 23:59
19  10  16  4  15 
300 000
1868 / 23.06.2014 11:59
36  10  12  2  22 
300 000
1867 / 22.06.2014 23:59
27  8  5  7  31 
300 000
1866 / 22.06.2014 11:59
2  11  9  32  26
2 109 584
1865 / 21.06.2014 23:59
7  21  36  6  23 
1 390 935
1864 / 21.06.2014 11:59
26  11  7  9  35 
1 152 615
1863 / 20.06.2014 23:59
21  6  28  23  8 
882 270
1862 / 20.06.2014 11:59
13  30  11  25  32 
577 590
1861 / 19.06.2014 23:59
33  2  23  18  4 
300 000
1860 / 19.06.2014 11:59
19  28  18  7  13 
300 000
1859 / 18.06.2014 23:59
5  17  4  28  23
12 290 505
1858 / 18.06.2014 11:59
32  26  7  19  27 
10 994 985
1857 / 17.06.2014 23:59
28  6  34  11  16 
10 050 405
1856 / 17.06.2014 11:59
20  27  35  32  2 
9 443 505
1855 / 16.06.2014 23:59
36  2  29  32  18 
8 373 225
1854 / 16.06.2014 11:59
27  5  16  36  1 
7 849 800
1853 / 15.06.2014 23:59
18  24  35  5  25 
7 049 145
1852 / 15.06.2014 11:59
17  36  10  33  28 
6 539 070
1851 / 14.06.2014 23:59
10  15  18  3  5 
5 945 880
1850 / 14.06.2014 11:59
30  31  17  21  8 
5 652 795
1849 / 13.06.2014 23:59
19  5  20  18  22 
5 137 500
1848 / 13.06.2014 11:59
33  9  23  32  35 
4 685 925
1847 / 12.06.2014 23:59
36  9  3  29  21 
4 309 110
1846 / 12.06.2014 11:59
23  12  14  16  31 
3 913 710
1845 / 11.06.2014 23:59
12  26  10  8  11 
3 318 885
1844 / 11.06.2014 11:59
1  19  27  21  34 
2 902 470
1843 / 10.06.2014 23:59
35  22  27  31  2 
2 434 485
1842 / 10.06.2014 11:59
3  33  16  6  18 
2 064 435
1841 / 09.06.2014 23:59
33  27  8  24  20 
1 663 005
1840 / 09.06.2014 11:59
31  16  13  22  21 
1 423 725
1839 / 08.06.2014 23:59
15  33  36  14  6 
1 097 685
1838 / 08.06.2014 11:59
28  4  22  31  2 
861 195
1837 / 07.06.2014 23:59
28  27  10  3  15 
672 240
1836 / 07.06.2014 11:59
32  22  16  30  8 
508 320
1835 / 06.06.2014 23:59
17  11  18  31  25 
300 000
1834 / 06.06.2014 11:59
25  32  19  7  6 
300 000
1833 / 05.06.2014 23:59
20  10  13  23  33
2 742 030
1832 / 05.06.2014 11:59
23  17  30  27  18 
1 994 535
1831 / 04.06.2014 23:59
29  4  33  32  8 
1 676 565
1830 / 04.06.2014 11:59
22  4  2  24  34 
1 345 425
1829 / 03.06.2014 23:59
5  26  32  34  11 
977 100
1828 / 03.06.2014 11:59
21  19  15  35  10 
854 775
1827 / 02.06.2014 23:59
13  30  20  5  26 
568 620
1826 / 02.06.2014 11:59
1  5  18  24  25 
361 620
1825 / 01.06.2014 23:59
7  2  9  25  22 
300 000
1824 / 01.06.2014 11:59
27  17  3  31  23 
300 000
1823 / 31.05.2014 23:59
6  16  31  21  25
2 811 930
1822 / 31.05.2014 11:59
33  12  36  2  6 
1 979 145
1821 / 30.05.2014 23:59
29  25  13  28  20 
1 435 815
1820 / 30.05.2014 11:59
15  23  18  25  21 
1 189 320
1819 / 29.05.2014 23:59
35  15  21  18  25 
812 250
1818 / 29.05.2014 11:59
7  25  2  9  1 
562 965
1817 / 28.05.2014 23:59
20  24  18  26  16 
300 000
1816 / 28.05.2014 11:59
26  14  6  18  3 
300 000
1815 / 27.05.2014 23:59
28  27  2  8  16
485 415
1814 / 27.05.2014 11:59
22  28  8  13  33 
300 000
1813 / 26.05.2014 23:59
26  23  6  32  21
22 891 215
1812 / 26.05.2014 11:59
28  21  6  25  1 
20 274 255
1811 / 25.05.2014 23:59
15  14  21  27  25 
19 266 855
1810 / 25.05.2014 11:59
12  18  33  19  24 
18 443 655
1809 / 24.05.2014 23:59
29  23  11  6  15 
17 493 285
1808 / 24.05.2014 11:59
23  9  33  21  14 
16 909 800
1807 / 23.05.2014 23:59
19  10  9  1  34 
15 520 185
1806 / 23.05.2014 11:59
34  16  12  26  9 
14 677 215
1805 / 22.05.2014 23:59
32  30  22  36  15 
13 526 310
1804 / 22.05.2014 11:59
9  34  7  3  20 
12 802 065
1803 / 21.05.2014 23:59
8  3  11  29  22 
12 330 900
1802 / 21.05.2014 11:59
24  35  32  20  13 
11 618 985
1801 / 20.05.2014 23:59
31  30  12  10  14 
10 659 465
1800 / 20.05.2014 11:59
29  17  4  10  28 
10 098 810
1799 / 19.05.2014 23:59
36  9  1  35  10 
9 057 105
1798 / 19.05.2014 11:59
11  35  7  34  36 
8 526 945
1797 / 18.05.2014 23:59
22  12  30  27  26 
7 764 675
1796 / 18.05.2014 11:59
25  13  31  30  4 
7 153 965
1795 / 17.05.2014 23:59
16  33  26  29  13 
6 780 465
1794 / 17.05.2014 11:59
3  10  36  35  21 
6 359 055
1793 / 16.05.2014 23:59
12  19  30  29  25 
5 433 375
1792 / 16.05.2014 11:59
14  1  21  9  4 
4 934 460
1791 / 15.05.2014 23:59
30  23  21  32  27 
4 283 835
1790 / 15.05.2014 11:59
32  26  5  21  12 
3 793 560
1789 / 14.05.2014 23:59
26  15  11  17  8 
3 370 215
1788 / 14.05.2014 11:59
3  7  1  32  21 
2 965 965
1787 / 13.05.2014 23:59
31  12  26  6  10 
2 433 255
1786 / 13.05.2014 11:59
9  33  2  8  23 
2 100 435
1785 / 12.05.2014 23:59
4  8  33  5  23 
1 751 325
1784 / 12.05.2014 11:59
21  19  11  15  24 
1 510 395
1783 / 11.05.2014 23:59
26  23  3  30  2 
1 137 075
1782 / 11.05.2014 11:59
28  33  9  23  34 
889 155
1781 / 10.05.2014 23:59
4  10  19  17  2 
632 070
1780 / 10.05.2014 11:59
9  7  26  4  27 
470 580
1779 / 09.05.2014 23:59
24  16  10  35  15 
300 000
1778 / 09.05.2014 11:59
5  1  22  29  23 
300 000
1777 / 08.05.2014 23:59
4  15  29  8  36
1 814 895
1776 / 08.05.2014 11:59
12  30  11  29  15 
1 147 740
1775 / 07.05.2014 23:59
31  26  28  18  9 
790 230
1774 / 07.05.2014 11:59
35  24  18  20  22 
502 770
1773 / 06.05.2014 23:59
9  20  16  2  24 
300 000
1772 / 06.05.2014 11:59
11  36  1  5  18 
300 000
1771 / 05.05.2014 23:59
23  20  2  26  10
14 327 490
1770 / 05.05.2014 11:59
20  7  27  14  31 
12 721 110
1769 / 04.05.2014 23:59
17  16  32  23  34 
11 864 280
1768 / 04.05.2014 11:59
13  11  14  32  35 
11 203 155
1767 / 03.05.2014 23:59
24  4  20  6  17 
10 580 355
1766 / 03.05.2014 11:59
35  25  29  2  19 
9 960 750
1765 / 02.05.2014 23:59
4  31  14  2  10 
9 213 840
1764 / 02.05.2014 11:59
12  34  19  15  21 
8 722 470
1763 / 01.05.2014 23:59
35  1  18  13  25 
7 890 105
1762 / 01.05.2014 11:59
36  3  4  26  11 
7 307 130
1761 / 30.04.2014 23:59
13  7  29  2  4 
6 513 615
1760 / 30.04.2014 11:59
10  20  27  36  28 
6 146 730
1759 / 29.04.2014 23:59
28  15  34  13  19 
5 325 390
1758 / 29.04.2014 11:59
21  1  16  36  19 
4 850 235
1757 / 28.04.2014 23:59
31  23  22  12  29 
4 129 350
1756 / 28.04.2014 11:59
30  22  14  2  26 
3 689 505
1755 / 27.04.2014 23:59
25  28  3  26  10 
3 296 955
1754 / 27.04.2014 11:59
19  24  2  13  33 
2 893 620
1753 / 26.04.2014 23:59
16  25  22  6  18 
2 505 600
1752 / 26.04.2014 11:59
36  14  24  7  19 
2 132 925
1751 / 25.04.2014 23:59
8  31  12  30  23 
1 677 810
1750 / 25.04.2014 11:59
12  33  27  34  1 
1 306 740
1749 / 24.04.2014 23:59
1  32  5  14  16 
860 310
1748 / 24.04.2014 11:59
24  20  14  2  29 
589 695
1747 / 23.04.2014 23:59
35  23  2  7  1 
300 000
1746 / 23.04.2014 11:59
25  8  2  22  12 
300 000
1745 / 22.04.2014 23:59
26  22  15  24  4
2 865 300
1744 / 22.04.2014 11:59
22  7  33  26  11 
2 113 560
1743 / 21.04.2014 23:59
10  19  18  9  8 
1 673 025
1742 / 21.04.2014 11:59
8  6  28  11  36 
1 369 635
1741 / 20.04.2014 23:59
20  5  12  4  2 
1 026 390
1740 / 20.04.2014 11:59
10  19  6  25  7 
770 430
1739 / 19.04.2014 23:59
20  13  18  6  25 
346 815
1738 / 19.04.2014 11:59
22  12  29  23  36 
300 000
1737 / 18.04.2014 23:59
25  7  4  8  22
17 749 815
1736 / 18.04.2014 11:59
21  35  33  32  25 
16 090 095
1735 / 17.04.2014 23:59
20  2  10  3  35 
14 865 915
1734 / 17.04.2014 11:59
3  18  30  32  27 
14 066 820
1733 / 16.04.2014 23:59
7  19  36  1  2 
12 477 150
1732 / 16.04.2014 11:59
34  11  5  30  2 
11 542 470
1731 / 15.04.2014 23:59
7  27  2  15  16 
10 638 240
1730 / 15.04.2014 11:59
36  12  10  27  30 
10 071 945
1729 / 14.04.2014 23:59
5  3  2  32  12 
8 837 745
1728 / 14.04.2014 11:59
6  33  25  28  32 
8 174 205
1727 / 13.04.2014 23:59
2  21  28  25  30 
7 315 680
1726 / 13.04.2014 11:59
20  30  6  32  33 
6 747 210
1725 / 12.04.2014 23:59
9  33  29  21  20 
6 123 105
1724 / 12.04.2014 11:59
33  21  35  17  13 
5 670 915
1723 / 11.04.2014 23:59
24  4  9  35  29 
4 886 835
1722 / 11.04.2014 11:59
5  1  33  34  3 
4 366 200
1721 / 10.04.2014 23:59
26  25  17  13  23 
3 766 830
1720 / 10.04.2014 11:59
21  24  35  36  4 
3 312 255
1719 / 09.04.2014 23:59
20  1  27  34  4 
2 672 550
1718 / 09.04.2014 11:59
24  2  31  13  7 
2 218 035
1717 / 08.04.2014 23:59
10  32  31  2  15 
1 692 120
1716 / 08.04.2014 11:59
4  13  16  17  31 
1 399 815
1715 / 07.04.2014 23:59
8  27  28  11  12 
1 087 695
1714 / 07.04.2014 11:59
8  24  30  22  19 
840 375
1713 / 06.04.2014 23:59
30  36  23  18  31 
578 565
1712 / 06.04.2014 11:59
25  10  21  15  5 
379 860
1711 / 05.04.2014 23:59
29  34  1  27  17 
300 000
1710 / 05.04.2014 11:59
12  22  17  10  26
10 789 840
1709 / 04.04.2014 23:59
22  2  18  10  9 
9 128 305
1708 / 04.04.2014 11:59
34  23  16  6  25 
8 658 310
1707 / 03.04.2014 23:59
21  4  32  9  26 
7 814 290
1706 / 03.04.2014 11:59
4  15  36  30  27 
7 318 885
1705 / 02.04.2014 23:59
8  10  1  32  2 
6 312 430
1704 / 02.04.2014 11:59
30  17  19  8  14 
5 737 285
1703 / 01.04.2014 23:59
10  18  23  6  1 
4 877 725
1702 / 01.04.2014 11:59
35  7  14  19  34 
4 392 475
1701 / 31.03.2014 23:59
30  16  36  32  3 
3 549 730
1700 / 31.03.2014 11:59
15  3  30  24  14 
3 098 290
1699 / 30.03.2014 23:59
22  34  6  19  5 
2 532 600
1698 / 30.03.2014 11:59
9  10  36  4  24 
2 030 060
1697 / 29.03.2014 23:59
28  36  22  25  1 
1 423 370
1696 / 29.03.2014 11:59
6  17  16  23  26 
1 100 140
1695 / 28.03.2014 23:59
13  16  36  31  21 
611 670
1694 / 28.03.2014 11:59
3  25  6  21  8 
360 330
1693 / 27.03.2014 23:59
33  13  26  9  18 
200 000
1692 / 27.03.2014 11:59
21  16  32  27  19 
200 000
1691 / 26.03.2014 23:59
30  27  12  33  4
548 412
1690 / 26.03.2014 11:59
27  23  6  25  3 
200 000
1689 / 25.03.2014 23:59
16  26  33  28  14
4 954 528
1688 / 25.03.2014 11:59
6  20  19  9  25 
3 948 710
1687 / 24.03.2014 23:59
23  26  19  34  27 
3 444 840
1686 / 24.03.2014 11:59
23  25  36  31  18 
2 984 150
1685 / 23.03.2014 23:59
7  24  33  18  3 
2 458 850
1684 / 23.03.2014 11:59
16  24  3  12  17 
2 133 780
1683 / 22.03.2014 23:59
35  15  7  27  22 
1 869 620
1682 / 22.03.2014 11:59
34  18  8  31  15 
1 524 230
1681 / 21.03.2014 23:59
20  35  36  14  2 
1 026 980
1680 / 21.03.2014 11:59
20  25  23  29  33 
696 650
1679 / 20.03.2014 23:59
1  31  30  23  35 
298 160
1678 / 20.03.2014 11:59
4  12  15  26  3 
200 000
1677 / 19.03.2014 23:59
31  2  24  33  9
17 410 490
1676 / 19.03.2014 11:59
34  13  17  8  10 
15 426 940
1675 / 18.03.2014 23:59
5  27  36  34  35 
14 022 440
1674 / 18.03.2014 11:59
4  20  28  8  27 
13 471 160
1673 / 17.03.2014 23:59
36  16  7  26  14 
12 202 780
1672 / 17.03.2014 11:59
12  6  14  5  15 
11 448 120
1671 / 16.03.2014 23:59
16  2  4  7  15 
10 467 870
1670 / 16.03.2014 11:59
18  34  28  15  23 
9 987 330
1669 / 15.03.2014 23:59
19  9  22  20  1 
8 995 180
1668 / 15.03.2014 11:59
2  18  35  1  13 
8 126 110
1667 / 14.03.2014 23:59
20  18  15  26  8 
7 170 670
1666 / 14.03.2014 11:59
27  26  36  12  28 
6 555 860
1665 / 13.03.2014 23:59
35  13  12  19  29 
5 586 180
1664 / 13.03.2014 11:59
31  35  4  13  26 
5 122 740
1663 / 12.03.2014 23:59
15  20  2  7  9 
4 577 790
1662 / 12.03.2014 11:59
19  14  29  1  27 
4 063 560
1661 / 11.03.2014 23:59
2  3  18  10  28 
3 443 100
1660 / 11.03.2014 11:59
21  27  26  14  33 
3 040 380
1659 / 10.03.2014 23:59
16  31  29  27  33 
2 555 600
1658 / 10.03.2014 11:59
17  24  22  35  16 
2 184 330
1657 / 09.03.2014 23:59
1  19  16  3  5 
1 841 150
1656 / 09.03.2014 11:59
19  27  5  3  32 
1 591 900
1655 / 08.03.2014 23:59
29  22  5  4  18 
1 180 300
1654 / 08.03.2014 11:59
5  6  11  4  36 
837 880
1653 / 07.03.2014 23:59
6  10  8  25  11 
399 110
1652 / 07.03.2014 11:59
25  16  29  9  1 
200 000
1651 / 06.03.2014 23:59
26  16  17  31  19
13 975 730
1650 / 06.03.2014 11:59
33  20  23  29  35 
12 489 880
1649 / 05.03.2014 23:59
8  22  14  11  34 
11 468 870
1648 / 05.03.2014 11:59
32  31  6  34  15 
10 536 980
1647 / 04.03.2014 23:59
8  6  11  21  22 
9 774 530
1646 / 04.03.2014 11:59
34  27  31  18  33 
9 003 440
1645 / 03.03.2014 23:59
28  36  1  13  19 
7 744 380
1644 / 03.03.2014 11:59
30  6  29  3  18 
7 068 100
1643 / 02.03.2014 23:59
28  16  27  33  13 
6 282 670
1642 / 02.03.2014 11:59
31  21  16  4  22 
5 769 360
1641 / 01.03.2014 23:59
23  36  28  30  24 
4 799 860
1640 / 01.03.2014 11:59
15  9  12  4  18 
4 198 560
1639 / 28.02.2014 23:59
23  15  13  6  11 
3 500 110
1638 / 28.02.2014 11:59
15  14  20  10  32 
3 060 720
1637 / 27.02.2014 23:59
16  2  19  23  12 
2 237 610
1636 / 27.02.2014 11:59
21  12  3  22  32 
1 876 280
1635 / 26.02.2014 23:59
31  4  36  25  35 
1 192 230
1634 / 26.02.2014 11:59
14  4  16  22  24 
911 500
1633 / 25.02.2014 23:59
35  36  33  21  20 
517 340
1632 / 25.02.2014 11:59
2  26  20  12  22 
322 040
1631 / 24.02.2014 23:59
19  33  18  14  27 
200 000
1630 / 24.02.2014 11:59
1  26  24  15  30
628 150
1629 / 23.02.2014 23:59
18  17  9  27  26 
200 000
1628 / 23.02.2014 11:59
4  32  31  21  23 
200 000
1627 / 22.02.2014 23:59
24  7  28  11  20
277 900
1626 / 22.02.2014 11:59
18  6  2  16  13
1 356 460
1625 / 21.02.2014 23:59
32  29  6  15  18 
534 170
1624 / 21.02.2014 11:59
34  18  5  28  20 
246 060
1623 / 20.02.2014 23:59
10  3  31  13  27 
200 000
1622 / 20.02.2014 11:59
10  20  14  18  2
1 808 880
1621 / 19.02.2014 23:59
19  20  26  5  30 
924 430
1620 / 19.02.2014 11:59
9  30  32  16  18 
649 830
1619 / 18.02.2014 23:59
26  25  2  14  22 
216 070
1618 / 18.02.2014 11:59
6  23  11  16  29 
200 000
1617 / 17.02.2014 23:59
26  17  13  27  35
540 470
1616 / 17.02.2014 11:59
26  1  2  24  7 
200 000
1615 / 16.02.2014 23:59
14  2  9  20  4
1 679 520
1614 / 16.02.2014 11:59
17  7  18  4  10 
950 300
1613 / 15.02.2014 23:59
6  9  19  24  28 
494 190
1612 / 15.02.2014 11:59
18  1  5  29  3 
200 000
1611 / 14.02.2014 23:59
30  22  13  36  34
25 778 790
1610 / 14.02.2014 11:59
9  30  33  36  3 
21 561 400
1609 / 13.02.2014 23:59
35  20  19  22  18 
19 509 360
1608 / 13.02.2014 11:59
26  24  30  1  29 
17 959 530
1607 / 12.02.2014 23:59
5  23  31  4  34 
16 158 700
1606 / 12.02.2014 11:59
13  16  6  1  9 
15 030 840
1605 / 11.02.2014 23:59
35  6  1  25  19 
13 085 160
1604 / 11.02.2014 11:59
23  8  15  30  16 
12 497 120
1603 / 10.02.2014 23:59
29  15  17  24  19 
11 332 950
1602 / 10.02.2014 11:59
22  10  17  29  4 
10 759 460
1601 / 09.02.2014 23:59
33  13  35  18  12 
9 764 850
1600 / 09.02.2014 11:59
22  19  17  16  28 
9 190 340
1599 / 08.02.2014 23:59
11  23  13  6  30 
8 349 110
1598 / 08.02.2014 11:59
34  7  15  24  4 
7 875 680
1597 / 07.02.2014 23:59
36  1  27  31  18 
6 812 340
1596 / 07.02.2014 11:59
26  19  10  31  18 
6 142 030
1595 / 06.02.2014 23:59
5  10  11  19  26 
5 249 260
1594 / 06.02.2014 11:59
15  12  23  5  26 
4 951 460
1593 / 05.02.2014 23:59
12  22  36  4  35 
4 171 730
1592 / 05.02.2014 11:59
28  31  14  24  22 
3 801 620
1591 / 04.02.2014 23:59
16  9  35  8  1 
3 109 030
1590 / 04.02.2014 11:59
21  31  16  32  36 
2 784 560
1589 / 03.02.2014 23:59
34  2  36  4  12 
2 116 320
1588 / 03.02.2014 11:59
36  7  23  28  35 
1 773 470
1587 / 02.02.2014 23:59
19  25  10  9  13 
1 383 050
1586 / 02.02.2014 11:59
6  23  12  35  32 
1 185 680
1585 / 01.02.2014 23:59
28  30  16  11  1 
810 870
1584 / 01.02.2014 11:59
34  11  7  22  31 
615 770
1583 / 31.01.2014 23:59
2  19  30  29  18 
267 660
1582 / 31.01.2014 11:59
19  14  23  36  31 
200 000
1581 / 30.01.2014 23:59
20  8  4  33  31
6 433 160
1580 / 30.01.2014 11:59
22  26  15  9  32 
5 303 290
1579 / 29.01.2014 23:59
14  32  16  26  8 
4 749 940
1578 / 29.01.2014 11:59
20  19  35  1  36 
4 235 890
1577 / 28.01.2014 23:59
2  10  24  28  13 
3 578 020
1576 / 28.01.2014 11:59
29  34  13  30  26 
3 106 010
1575 / 27.01.2014 23:59
26  27  7  11  35 
2 740 050
1574 / 27.01.2014 11:59
28  35  12  10  30 
2 423 440
1573 / 26.01.2014 23:59
36  33  21  2  29 
1 910 720
1572 / 26.01.2014 11:59
15  6  33  20  24 
1 612 470
1571 / 25.01.2014 23:59
12  8  15  33  20 
1 289 290
1570 / 25.01.2014 11:59
21  34  31  27  28 
1 013 010
1569 / 24.01.2014 23:59
26  29  4  5  31 
606 050
1568 / 24.01.2014 11:59
7  12  32  31  23 
373 760
1567 / 23.01.2014 23:59
18  30  19  9  29 
200 000
1566 / 23.01.2014 11:59
15  19  11  34  22
10 127 530
1565 / 22.01.2014 23:59
27  5  32  7  35 
8 671 380
1564 / 22.01.2014 11:59
3  23  5  16  8 
8 221 500
1563 / 21.01.2014 23:59
3  30  16  32  35 
7 228 890
1562 / 21.01.2014 11:59
21  14  3  15  28 
6 888 740
1561 / 20.01.2014 23:59
30  19  25  6  35 
6 107 070
1560 / 20.01.2014 11:59
36  2  25  18  27 
5 664 350
1559 / 19.01.2014 23:59
32  28  12  24  33 
4 860 390
1558 / 19.01.2014 11:59
21  2  10  11  32 
4 574 510
1557 / 18.01.2014 23:59
3  32  19  6  25 
3 821 190
1556 / 18.01.2014 11:59
1  35  3  24  26 
3 329 730
1555 / 17.01.2014 23:59
18  30  10  22  14 
2 676 060
1554 / 17.01.2014 11:59
27  35  6  14  31 
2 342 060
1553 / 16.01.2014 23:59
25  16  17  27  32 
1 884 470
1552 / 16.01.2014 11:59
5  10  8  1  27 
1 682 910
1551 / 15.01.2014 23:59
33  1  20  22  36 
1 186 910
1550 / 15.01.2014 11:59
33  19  25  16  9 
916 530
1549 / 14.01.2014 23:59
25  24  6  7  27 
588 560
1548 / 14.01.2014 11:59
31  22  15  1  21 
402 870
1547 / 13.01.2014 23:59
15  29  13  8  6 
200 000
1546 / 13.01.2014 11:59
36  3  26  29  9 
200 000
1545 / 12.01.2014 23:59
6  23  3  15  5
2 224 620
1544 / 12.01.2014 11:59
13  15  1  35  30 
1 516 040
1543 / 11.01.2014 23:59
31  13  8  16  11 
1 153 960
1542 / 11.01.2014 11:59
34  11  7  12  1 
877 100
1541 / 10.01.2014 23:59
8  25  17  23  22 
561 660
1540 / 10.01.2014 11:59
21  34  32  33  9 
357 140
1539 / 09.01.2014 23:59
25  12  36  15  18 
200 000
1538 / 09.01.2014 11:59
27  5  4  7  8
2 548 350
1537 / 08.01.2014 23:59
13  15  21  4  36 
1 845 980
1536 / 08.01.2014 11:59
26  12  36  23  2 
1 525 720
1535 / 07.01.2014 23:59
26  31  32  30  28 
1 099 370
1534 / 07.01.2014 11:59
11  6  28  2  10 
880 970
1533 / 06.01.2014 23:59
15  27  8  25  13 
636 620
1532 / 06.01.2014 11:59
22  17  12  30  28 
427 530
1531 / 05.01.2014 23:59
32  33  36  9  16 
200 000
1530 / 05.01.2014 11:59
2  12  5  22  34 
200 000
1529 / 04.01.2014 23:59
32  14  11  35  15
3 451 220
1528 / 04.01.2014 11:59
16  20  6  32  19 
2 717 710
1527 / 03.01.2014 23:59
17  25  16  2  15 
2 187 840
1526 / 03.01.2014 11:59
27  28  4  26  13 
1 936 390
1525 / 02.01.2014 23:59
3  22  16  25  4 
1 557 140
1524 / 02.01.2014 11:59
12  10  27  22  28 
1 388 670
1523 / 01.01.2014 23:59
8  18  32  31  7 
1 070 000
1522 / 01.01.2014 11:59
31  27  36  1  30 
897 290
1521 / 31.12.2013 23:59
31  35  32  26  15 
334 970
1520 / 31.12.2013 11:59
29  32  21  31  13 
200 000
1519 / 30.12.2013 23:59
1  25  21  35  24
18 409 620
1518 / 30.12.2013 11:59
2  9  33  7  13 
16 122 850
1517 / 29.12.2013 23:59
12  1  17  35  16 
14 797 920
1516 / 29.12.2013 11:59
15  20  4  8  32 
14 185 890
1515 / 28.12.2013 23:59
13  26  20  19  36 
12 840 890
1514 / 28.12.2013 11:59
15  8  19  18  13 
12 151 030
1513 / 27.12.2013 23:59
30  7  27  18  35 
11 157 740
1512 / 27.12.2013 11:59
6  32  30  28  19 
10 375 230
1511 / 26.12.2013 23:59
10  5  36  14  3 
9 380 810
1510 / 26.12.2013 11:59
12  6  15  36  11 
8 802 980
1509 / 25.12.2013 23:59
27  32  7  11  19 
7 877 640
1508 / 25.12.2013 11:59
31  20  27  17  29 
7 523 460
1507 / 24.12.2013 23:59
9  21  1  35  8 
6 506 990
1506 / 24.12.2013 11:59
29  35  11  18  17 
5 933 340
1505 / 23.12.2013 23:59
21  5  28  25  18 
5 176 640
1504 / 23.12.2013 11:59
14  23  33  11  2 
4 901 430
1503 / 22.12.2013 23:59
35  19  18  4  16 
4 167 290
1502 / 22.12.2013 11:59
16  35  21  10  22 
3 803 300
1501 / 21.12.2013 23:59
22  1  35  32  7 
3 028 300
1500 / 21.12.2013 11:59
22  15  3  24  35 
2 759 360
1499 / 20.12.2013 23:59
19  21  1  2  23 
2 052 480
1498 / 20.12.2013 11:59
10  4  17  14  24 
1 787 100
1497 / 19.12.2013 23:59
15  23  11  6  7 
1 335 520
1496 / 19.12.2013 11:59
24  6  19  2  4 
1 087 680
1495 / 18.12.2013 23:59
10  31  21  7  1 
801 190
1494 / 18.12.2013 11:59
12  30  28  13  5 
529 490
1493 / 17.12.2013 23:59
6  14  34  3  26 
203 790
1492 / 17.12.2013 11:59
32  12  8  15  13 
200 000
1491 / 16.12.2013 23:59
14  22  11  35  4
5 257 920
1490 / 16.12.2013 11:59
11  36  8  5  24 
4 412 120
1489 / 15.12.2013 23:59
22  1  11  34  16 
3 645 490
1488 / 15.12.2013 11:59
36  11  10  16  17 
3 229 230
1487 / 14.12.2013 23:59
32  8  22  16  33 
2 737 900
1486 / 14.12.2013 11:59
8  22  18  16  6 
2 397 630
1485 / 13.12.2013 23:59
14  7  12  21  36 
1 832 290
1484 / 13.12.2013 11:59
12  4  35  6  36 
1 499 360
1483 / 12.12.2013 23:59
27  3  25  21  1 
1 024 070
1482 / 12.12.2013 11:59
15  33  13  5  18 
802 980
1481 / 11.12.2013 23:59
20  8  28  4  25 
443 230
1480 / 11.12.2013 11:59
14  23  3  20  16 
242 590
1479 / 10.12.2013 23:59
9  8  32  5  22 
200 000
1478 / 10.12.2013 11:59
27  9  13  32  20
200 000
1477 / 09.12.2013 23:59
13  9  29  27  15
6 846 370
1476 / 09.12.2013 11:59
23  20  1  30  5 
5 963 140
1475 / 08.12.2013 23:59
16  6  28  18  4 
5 227 520
1474 / 08.12.2013 11:59
27  22  11  13  23 
4 940 780
1473 / 07.12.2013 23:59
20  34  24  18  13 
4 061 080
1472 / 07.12.2013 11:59
36  1  28  14  15 
3 601 930
1471 / 06.12.2013 23:59
8  24  7  34  17 
3 061 870
1470 / 06.12.2013 11:59
18  31  4  21  6 
2 616 420
1469 / 05.12.2013 23:59
16  21  15  35  5 
2 055 350
1468 / 05.12.2013 11:59
10  15  19  27  21 
1 763 980
1467 / 04.12.2013 23:59
9  19  27  5  13 
1 324 440
1466 / 04.12.2013 11:59
28  17  14  27  24 
1 102 590
1465 / 03.12.2013 23:59
20  33  36  13  23 
698 210
1464 / 03.12.2013 11:59
26  4  14  13  17 
480 510
1463 / 02.12.2013 23:59
5  29  30  21  15 
200 000
1462 / 02.12.2013 11:59
30  4  35  33  36
36 308 610
1461 / 01.12.2013 23:59
26  5  27  8  28 
34 183 660
1460 / 01.12.2013 11:59
1  30  22  24  23 
33 066 020
1459 / 30.11.2013 23:00
25  6  4  11  22 
30 409 500
1458 / 29.11.2013 23:00
28  34  9  32  15 
27 831 220
1457 / 28.11.2013 23:00
34  3  16  18  22 
25 381 120
1456 / 27.11.2013 23:00
26  20  28  36  33 
22 772 120
1455 / 26.11.2013 23:00
12  26  30  36  7 
20 546 200
1454 / 25.11.2013 23:00
28  22  3  24  25 
18 102 940
1453 / 24.11.2013 23:00
35  27  5  28  8 
17 082 040
1452 / 23.11.2013 23:00
11  30  4  24  32 
15 298 080
1451 / 22.11.2013 23:00
22  29  17  14  35 
14 302 340
1450 / 21.11.2013 23:00
21  27  15  36  24 
12 735 060
1449 / 20.11.2013 23:00
13  9  32  3  16 
11 064 160
1448 / 19.11.2013 23:00
23  15  27  9  2 
10 122 840
1447 / 18.11.2013 23:00
3  26  29  36  25 
8 363 900
1446 / 17.11.2013 23:00
4  25  26  6  7 
6 834 620
1445 / 16.11.2013 23:00
21  15  9  18  14 
5 977 660
1444 / 15.11.2013 23:00
4  17  19  7  36 
4 870 180
1443 / 14.11.2013 23:00
24  23  17  3  30 
3 926 420
1442 / 13.11.2013 23:00
33  5  16  35  29 
3 034 340
1441 / 12.11.2013 23:00
28  22  24  25  33 
2 042 240
1440 / 11.11.2013 23:00
4  31  15  24  27 
1 529 900
1439 / 10.11.2013 23:00
33  30  13  18  17 
901 460
1438 / 09.11.2013 23:00
36  23  17  8  10 
752 260
1437 / 08.11.2013 23:00
8  9  31  34  23 
400 000
1436 / 07.11.2013 23:00
8  17  3  26  18 
400 000
1435 / 06.11.2013 23:00
23  31  28  21  35
29 878 360
1434 / 05.11.2013 23:00
25  29  31  24  2 
24 220 680
1433 / 04.11.2013 23:00
24  13  15  4  6 
22 000 760
1432 / 03.11.2013 23:00
23  24  19  31  18 
19 840 780
1431 / 02.11.2013 23:00
27  29  11  7  34 
18 296 120
1430 / 01.11.2013 23:00
19  3  24  5  9 
16 090 420
1429 / 31.10.2013 23:00
31  30  11  13  36 
14 153 600
1428 / 30.10.2013 23:00
19  31  2  14  36 
11 987 120
1427 / 29.10.2013 23:00
35  31  26  36  34 
10 448 040
1426 / 28.10.2013 23:00
9  3  26  6  25 
9 070 060
1425 / 27.10.2013 23:00
30  29  11  28  10 
7 993 220
1424 / 26.10.2013 23:00
14  32  5  27  16 
7 263 100
1423 / 25.10.2013 23:00
35  24  10  1  30 
5 936 160
1422 / 24.10.2013 23:00
29  33  20  1  6 
4 656 360
1421 / 23.10.2013 23:00
10  29  6  3  19 
3 812 760
1420 / 22.10.2013 23:00
15  7  30  24  4 
3 250 120
1419 / 21.10.2013 23:00
10  13  8  17  31 
2 987 680
1418 / 20.10.2013 23:00
34  33  1  14  27 
2 271 000
1417 / 19.10.2013 23:00
36  29  13  22  25 
1 473 860
1416 / 18.10.2013 23:00
5  7  29  35  27 
1 015 980
1415 / 17.10.2013 23:00
26  6  25  16  19 
483 140
1414 / 16.10.2013 23:00
18  31  13  3  9 
400 000
1413 / 15.10.2013 23:00
9  23  32  10  15
17 283 880
1412 / 14.10.2013 23:00
36  34  16  5  14 
14 035 800
1411 / 13.10.2013 23:00
27  25  14  3  30 
12 603 340
1410 / 12.10.2013 23:00
10  9  28  12  31 
11 166 500
1409 / 11.10.2013 23:00
29  23  24  4  27 
9 280 780
1408 / 10.10.2013 23:00
1  14  16  22  29 
7 903 060
1407 / 09.10.2013 23:00
9  30  17  34  6 
6 509 500
1406 / 08.10.2013 23:00
30  4  31  14  20 
5 225 000
1405 / 07.10.2013 23:00
6  35  36  16  19 
4 143 520
1404 / 06.10.2013 23:00
31  4  30  33  32 
3 159 480
1403 / 05.10.2013 23:00
4  22  11  34  30 
2 566 860
1402 / 04.10.2013 23:00
1  10  17  29  18 
1 781 740
1401 / 03.10.2013 23:00
23  35  19  36  30 
1 143 920
1400 / 02.10.2013 23:00
22  10  31  16  9 
544 980
1399 / 01.10.2013 23:00
18  12  4  19  31 
400 000
1398 / 30.09.2013 23:00
28  6  33  32  16
5 586 181
1397 / 29.09.2013 23:00
8  36  5  19  26 
3 707 941
1396 / 28.09.2013 23:00
31  11  30  35  4 
2 902 221
1395 / 27.09.2013 23:00
2  21  17  36  12 
2 078 221
1394 / 26.09.2013 23:00
2  14  15  30  10 
1 545 621
1393 / 25.09.2013 23:00
25  12  28  9  11 
977 301
1392 / 24.09.2013 23:00
22  18  17  26  21 
482 781
1391 / 23.09.2013 23:00
1  11  26  25  16 
400 000
1390 / 22.09.2013 23:00
33  7  21  20  12
3 883 059
1389 / 21.09.2013 23:00
36  34  10  25  11 
2 687 000
1388 / 20.09.2013 23:00
16  34  36  17  10 
1 772 320
1387 / 19.09.2013 23:00
3  8  19  9  16 
1 220 040
1386 / 18.09.2013 23:00
4  30  31  34  9 
644 960
1385 / 17.09.2013 23:00
36  1  5  6  10 
400 000
1384 / 16.09.2013 23:00
27  19  13  30  22 
400 000
1383 / 15.09.2013 23:00
36  8  15  2  6
848 360
1382 / 14.09.2013 23:00
11  9  2  8  35 
400 000
1381 / 13.09.2013 23:00
22  33  5  12  10
4 644 340
1380 / 12.09.2013 23:00
35  32  7  24  22 
2 944 900
1379 / 11.09.2013 23:00
28  26  16  33  24 
2 112 600
1378 / 10.09.2013 23:00
10  18  23  26  6 
1 451 500
1377 / 09.09.2013 23:00
4  29  35  33  20 
850 180
1376 / 08.09.2013 23:00
8  20  18  10  14 
500 420
1375 / 07.09.2013 23:00
10  32  27  33  12 
400 000
1374 / 06.09.2013 23:00
35  33  23  8  21
561 982
1373 / 05.09.2013 23:00
24  7  26  27  28 
400 000
1372 / 04.09.2013 23:00
10  33  6  14  25
1 128 978
1371 / 03.09.2013 23:00
15  12  30  5  9 
400 000
1370 / 02.09.2013 23:00
22  30  29  9  7 
400 000
1369 / 01.09.2013 23:00
23  35  18  16  28
1 409 000
1368 / 31.08.2013 23:00
23  32  20  24  21 
400 000
1367 / 30.08.2013 23:00
36  8  14  24  10 
400 000
1366 / 29.08.2013 23:00
13  1  15  32  25
1 069 220
1365 / 28.08.2013 23:00
30  33  32  16  6 
400 000
1364 / 27.08.2013 23:00
9  11  34  31  20
1 385 400
1363 / 26.08.2013 23:00
20  36  22  3  1 
406 940
1362 / 25.08.2013 23:00
21  31  30  2  15 
400 000
1361 / 24.08.2013 23:00
1  34  20  32  35
2 448 240
1360 / 23.08.2013 23:00
18  17  26  22  14 
1 302 220
1359 / 22.08.2013 23:00
36  21  7  18  2 
764 520
1358 / 21.08.2013 23:00
17  9  6  15  10 
400 000
1357 / 20.08.2013 23:00
4  15  8  5  22 
400 000
1356 / 19.08.2013 23:00
7  14  35  31  17
2 209 760
1355 / 18.08.2013 23:00
4  34  36  6  26 
974 260
1354 / 17.08.2013 23:00
24  4  15  23  17 
497 000
1353 / 16.08.2013 23:00
11  2  8  33  35 
400 000
1352 / 15.08.2013 23:00
2  16  6  30  35
1 192 820
1351 / 14.08.2013 23:00
20  17  13  31  36 
400 000
1350 / 13.08.2013 23:00
17  28  10  31  33
414 580
1349 / 12.08.2013 23:00
5  4  26  27  19
47 368 520
1348 / 11.08.2013 23:00
16  4  1  32  31 
38 836 080
1347 / 10.08.2013 23:00
7  21  30  34  19 
35 767 860
1346 / 09.08.2013 23:00
5  36  35  10  21 
31 840 680
1345 / 08.08.2013 23:00
35  28  26  2  5 
28 443 560
1344 / 07.08.2013 23:00
35  36  24  31  33 
24 822 640
1343 / 06.08.2013 23:00
1  18  5  12  17 
21 483 400
1342 / 05.08.2013 23:00
8  28  3  9  36 
19 330 700
1341 / 04.08.2013 23:00
31  22  1  27  12 
17 405 940
1340 / 03.08.2013 23:00
24  32  3  12  19 
15 629 660
1339 / 02.08.2013 23:00
36  24  26  20  35 
13 408 920
1338 / 01.08.2013 23:00
6  4  7  27  23 
11 746 700
1337 / 31.07.2013 23:00
17  6  7  30  32 
9 990 180
1336 / 30.07.2013 23:00
22  24  11  6  28 
8 484 680
1335 / 29.07.2013 23:00
12  30  26  20  5 
7 440 020
1334 / 28.07.2013 23:00
24  13  33  15  16 
6 410 660
1333 / 27.07.2013 23:00
20  21  9  17  18 
5 433 580
1332 / 26.07.2013 23:00
12  16  27  18  20 
4 320 220
1331 / 25.07.2013 23:00
29  5  23  27  1 
3 383 580
1330 / 24.07.2013 23:00
33  19  6  7  22 
2 701 860
1329 / 23.07.2013 23:00
12  8  3  23  17 
2 170 740
1328 / 22.07.2013 23:00
16  26  13  27  2 
1 700 640
1327 / 21.07.2013 23:00
20  6  29  18  22 
1 419 200
1326 / 20.07.2013 23:00
12  36  3  31  30 
793 200
1325 / 19.07.2013 23:00
36  5  22  11  17 
413 360
1324 / 18.07.2013 23:00
5  13  19  23  34 
400 000
1323 / 17.07.2013 23:00
30  32  17  5  10
22 506 080
1322 / 16.07.2013 23:00
2  25  31  11  9 
18 214 880
1321 / 15.07.2013 23:00
32  24  5  14  34 
16 100 480
1320 / 14.07.2013 23:00
21  8  36  17  2 
14 633 120
1319 / 13.07.2013 23:00
36  35  24  30  4 
12 733 840
1318 / 12.07.2013 23:00
31  19  6  33  3 
10 779 780
1317 / 11.07.2013 23:00
33  1  34  36  7 
8 748 580
1316 / 10.07.2013 23:00
10  28  5  21  14 
7 973 120
1315 / 09.07.2013 23:00
26  4  21  19  35 
6 779 580
1314 / 08.07.2013 23:00
27  21  36  9  32 
5 613 700
1313 / 07.07.2013 23:00
26  30  21  4  20 
4 699 240
1312 / 06.07.2013 23:00
34  3  12  4  24 
3 647 740
1311 / 05.07.2013 23:00
15  4  34  1  24 
2 780 940
1310 / 04.07.2013 23:00
22  5  36  17  18 
2 118 440
1309 / 03.07.2013 23:00
1  2  12  14  10 
1 359 540
1308 / 02.07.2013 23:00
4  20  3  6  25 
814 900
1307 / 01.07.2013 23:00
20  27  26  1  36 
400 000
1306 / 30.06.2013 23:00
27  22  2  16  7 
400 000
1305 / 29.06.2013 23:00
31  14  35  27  18
1 937 560
1304 / 28.06.2013 23:00
12  26  2  36  32 
786 780
1303 / 27.06.2013 23:00
21  8  10  30  1 
400 000
1302 / 26.06.2013 23:00
7  17  10  14  8 
400 000
1301 / 25.06.2013 23:00
30  8  23  20  10
457 480
1300 / 24.06.2013 23:00
11  28  14  26  34 
400 000
1299 / 23.06.2013 23:00
4  18  12  7  13
2 554 160
1298 / 22.06.2013 23:00
26  17  16  11  32 
1 398 600
1297 / 21.06.2013 23:00
29  34  20  33  17 
877 940
1296 / 20.06.2013 23:00
15  17  3  9  32 
516 920
1295 / 19.06.2013 23:00
27  22  8  16  4 
400 000
1294 / 18.06.2013 23:00
10  27  16  2  21 
400 000
1293 / 17.06.2013 23:00
34  35  24  31  18
3 589 980
1292 / 16.06.2013 23:00
3  29  23  26  11 
2 124 320
1291 / 15.06.2013 23:00
30  12  23  19  22 
1 406 160
1290 / 14.06.2013 23:00
12  8  32  25  4 
791 620
1289 / 13.06.2013 23:00
20  6  9  24  14 
400 000
1288 / 12.06.2013 23:00
2  8  15  12  21 
400 000
1287 / 11.06.2013 23:00
17  8  14  19  6
984 362
1286 / 10.06.2013 23:00
2  11  35  24  19 
400 000
1285 / 09.06.2013 23:00
27  14  3  11  35
3 688 698
1284 / 08.06.2013 23:00
3  22  4  36  5 
2 571 320
1283 / 07.06.2013 23:00
14  23  31  7  20 
1 889 060
1282 / 06.06.2013 23:00
7  10  15  26  8 
1 438 280
1281 / 05.06.2013 23:00
34  21  19  24  26 
784 880
1280 / 04.06.2013 23:00
17  5  31  33  23 
471 600
1279 / 03.06.2013 23:00
12  34  20  36  7 
400 000
1278 / 02.06.2013 23:00
14  27  15  10  26
900 200
1277 / 01.06.2013 23:00
24  30  27  26  36 
400 000
1276 / 31.05.2013 23:00
36  4  26  16  31
25 340 740
1275 / 30.05.2013 23:00
30  32  6  3  13 
20 310 460
1274 / 29.05.2013 23:00
8  13  5  7  34 
18 371 340
1273 / 28.05.2013 23:00
6  7  27  36  3 
16 471 560
1272 / 27.05.2013 23:00
36  18  25  16  15 
14 619 240
1271 / 26.05.2013 23:00
1  32  3  11  13 
13 277 020
1270 / 25.05.2013 23:00
34  33  36  18  19 
11 752 600
1269 / 24.05.2013 23:00
9  31  7  23  10 
10 377 380
1268 / 23.05.2013 23:00
24  16  7  12  27 
9 176 960
1267 / 22.05.2013 23:00
31  6  4  21  19 
7 774 080
1266 / 21.05.2013 23:00
11  32  13  26  24 
6 543 060
1265 / 20.05.2013 23:00
26  21  35  24  18 
5 505 660
1264 / 19.05.2013 23:00
6  22  16  2  29 
4 588 800
1263 / 18.05.2013 23:00
36  32  34  29  22 
3 688 980
1262 / 17.05.2013 23:00
31  24  7  4  1 
2 727 340
1261 / 16.05.2013 23:00
21  10  16  28  35 
2 349 220
1260 / 15.05.2013 23:00
36  3  22  18  31 
1 645 380
1259 / 14.05.2013 23:00
23  26  9  8  2 
1 201 900
1258 / 13.05.2013 23:00
25  4  3  32  19 
624 280
1257 / 12.05.2013 23:00
34  18  16  23  25 
2 000 000
1256 / 11.05.2013 23:00
27  16  19  28  5
2 000 000
1255 / 10.05.2013 23:00
27  34  15  8  2 
2 000 000
1254 / 09.05.2013 23:00
28  29  33  23  7 
2 000 000
1253 / 08.05.2013 23:00
5  20  10  7  17
14 075 000
1252 / 07.05.2013 23:00
3  1  29  26  4 
11 493 720
1251 / 06.05.2013 23:00
33  29  4  28  34 
9 880 200
1250 / 05.05.2013 23:00
34  10  24  13  16 
8 864 420
1249 / 04.05.2013 23:00
21  33  11  2  26 
8 179 340
1248 / 03.05.2013 23:00
36  34  32  23  5 
6 903 120
1247 / 02.05.2013 23:00
6  34  3  32  28 
5 653 600
1246 / 01.05.2013 23:00
6  15  32  22  8 
4 799 800
1245 / 30.04.2013 23:00
23  3  15  35  16 
4 049 380
1244 / 29.04.2013 23:00
6  1  11  34  33 
3 056 040
1243 / 28.04.2013 23:00
33  32  22  1  4 
2 334 960
1242 / 27.04.2013 23:00
7  23  17  26  31 
1 673 400
1241 / 26.04.2013 23:00
20  30  3  23  19 
1 013 200
1240 / 25.04.2013 23:00
13  31  10  7  4 
664 600
1239 / 24.04.2013 23:00
1  29  36  6  30 
400 000
1238 / 23.04.2013 23:00
28  7  17  12  24
1 143 600
1237 / 22.04.2013 23:00
23  17  25  3  9 
400 000
1236 / 21.04.2013 23:00
22  35  30  8  36 
400 000
1235 / 20.04.2013 23:00
4  8  14  24  35
1 503 740
1234 / 19.04.2013 23:00
31  29  1  36  24 
414 660
1233 / 18.04.2013 23:00
9  32  1  20  7 
400 000
1232 / 17.04.2013 23:00
25  8  3  34  11
18 850 540
1231 / 16.04.2013 23:00
30  32  22  26  31 
15 045 400
1230 / 15.04.2013 23:00
27  35  17  33  21 
13 597 380
1229 / 14.04.2013 23:00
25  16  12  6  8 
11 977 880
1228 / 13.04.2013 23:00
12  9  3  29  30 
10 584 860
1227 / 12.04.2013 23:00
34  13  5  10  11 
8 883 880
1226 / 11.04.2013 23:00
10  11  16  30  29 
7 593 280
1225 / 10.04.2013 23:00
8  27  31  30  35 
6 242 400
1224 / 09.04.2013 23:00
4  18  13  30  20 
5 303 460
1223 / 08.04.2013 23:00
4  17  22  15  19 
4 566 380
1222 / 07.04.2013 23:00
33  9  30  26  36 
3 601 860
1221 / 06.04.2013 23:00
25  23  11  10  30 
2 943 780
1220 / 05.04.2013 23:00
8  27  9  29  15 
2 481 000
1219 / 04.04.2013 23:00
10  18  34  28  9 
1 841 460
1218 / 03.04.2013 23:00
22  36  10  35  19 
1 148 120
1217 / 02.04.2013 23:00
25  1  36  24  32 
477 020
1216 / 01.04.2013 23:00
4  36  14  5  16 
400 000
1215 / 31.03.2013 23:00
21  2  32  5  6
17 556 380
1214 / 30.03.2013 23:00
34  8  15  11  5 
14 104 500
1213 / 29.03.2013 23:00
21  16  24  27  1 
12 114 020
1212 / 28.03.2013 23:00
1  5  22  8  33 
10 565 940
1211 / 27.03.2013 23:00
15  9  33  18  36 
8 907 720
1210 / 26.03.2013 23:00
1  34  23  33  22 
7 338 420
1209 / 25.03.2013 23:00
14  31  5  1  2 
5 854 080
1208 / 24.03.2013 23:00
31  25  23  3  14 
4 864 940
1207 / 23.03.2013 23:00
18  33  25  22  26 
3 862 600
1206 / 22.03.2013 23:00
35  33  24  20  19 
2 773 640
1205 / 21.03.2013 23:00
26  25  22  20  29 
1 983 080
1204 / 20.03.2013 23:00
16  29  17  5  32 
1 356 900
1203 / 19.03.2013 23:00
1  17  22  35  30 
823 080
1202 / 18.03.2013 23:00
35  27  15  28  10 
499 840
1201 / 17.03.2013 23:00
31  33  16  4  6 
400 000
1200 / 16.03.2013 23:00
9  33  5  18  3
3 094 040
1199 / 15.03.2013 23:00
28  33  25  19  5 
1 618 640
1198 / 14.03.2013 23:00
27  30  24  28  20 
1 027 900
1197 / 13.03.2013 23:00
5  28  6  18  36 
400 000
1196 / 12.03.2013 23:00
29  22  10  11  23 
400 000
1195 / 11.03.2013 23:00
14  34  5  25  29
5 274 860
1194 / 10.03.2013 23:00
3  22  36  30  7 
3 232 460
1193 / 09.03.2013 23:00
12  34  13  30  24 
2 413 680
1192 / 08.03.2013 23:00
18  7  34  15  22 
1 738 400
1191 / 07.03.2013 23:00
25  5  26  28  17 
1 028 200
1190 / 06.03.2013 23:00
22  34  14  17  35 
440 660
1189 / 05.03.2013 23:00
36  7  14  10  27 
400 000
1188 / 04.03.2013 23:00
29  20  36  12  23
7 001 260
1187 / 03.03.2013 23:00
27  26  25  10  20 
4 787 140
1186 / 02.03.2013 23:00
28  10  12  16  9 
4 123 120
1185 / 01.03.2013 23:00
10  7  8  17  32 
3 385 580
1184 / 28.02.2013 23:00
35  34  4  25  21 
2 486 120
1183 / 27.02.2013 23:00
25  21  3  32  18 
1 697 180
1182 / 26.02.2013 23:00
33  18  34  5  14 
984 480
1181 / 25.02.2013 23:00
4  28  35  33  31 
400 000
1180 / 24.02.2013 23:00
15  30  8  33  10 
400 000
1179 / 23.02.2013 23:00
1  9  20  23  30
20 869 695
1178 / 22.02.2013 23:00
33  14  16  11  31 
18 262 555
1177 / 21.02.2013 23:00
27  31  13  26  34 
15 912 115
1176 / 20.02.2013 23:00
10  5  36  19  21 
14 250 895
1175 / 19.02.2013 23:00
25  17  8  1  18 
12 136 895
1174 / 18.02.2013 23:00
15  32  8  17  7 
10 519 035
1173 / 17.02.2013 23:00
31  8  17  34  4 
9 054 660
1172 / 16.02.2013 23:00
35  21  34  26  28 
7 303 410
1171 / 15.02.2013 23:00
35  14  24  3  30 
5 813 595
1170 / 14.02.2013 23:00
12  21  22  25  19 
4 393 650
1169 / 13.02.2013 23:00
31  30  16  35  25 
2 980 230
1168 / 12.02.2013 23:00
2  8  26  21  13 
2 286 975
1167 / 11.02.2013 23:00
18  36  5  27  6 
1 500 900
1166 / 10.02.2013 23:00
35  11  17  19  6 
965 850
1165 / 09.02.2013 23:00
29  35  16  13  23 
486 045
1164 / 08.02.2013 23:00
18  11  27  35  21 
300 000
1163 / 07.02.2013 23:00
2  31  15  27  7
3 624 616
1162 / 06.02.2013 23:00
24  22  16  11  19 
2 102 041
1161 / 05.02.2013 23:00
18  20  30  19  4 
1 443 466
1160 / 04.02.2013 23:00
19  15  25  1  8 
862 096
1159 / 03.02.2013 23:00
26  30  1  19  17 
387 271
1158 / 02.02.2013 23:00
4  10  11  35  17 
300 000
1157 / 01.02.2013 23:00
20  32  1  15  19
1 811 564
1156 / 31.01.2013 23:00
35  18  22  23  31 
442 635
1155 / 30.01.2013 23:00
4  6  1  14  19 
300 000
1154 / 29.01.2013 23:00
15  33  17  31  5
810 480
1153 / 28.01.2013 23:00
30  36  20  9  25 
300 000
1152 / 27.01.2013 23:00
1  28  23  8  10
7 373 730
1151 / 26.01.2013 23:00
32  8  36  11  30 
5 292 015
1150 / 25.01.2013 23:00
32  27  20  1  22 
4 155 465
1149 / 24.01.2013 23:00
2  8  7  27  11 
3 457 005
1148 / 23.01.2013 23:00
8  20  10  6  14 
2 583 315
1147 / 22.01.2013 23:00
18  17  3  8  15 
1 893 570
1146 / 21.01.2013 23:00
11  17  4  19  20 
1 239 270
1145 / 20.01.2013 23:00
3  20  12  32  33 
786 285
1144 / 19.01.2013 23:00
1  36  4  14  22 
361 950
1143 / 18.01.2013 23:00
2  17  21  23  5 
300 000
1142 / 17.01.2013 23:00
15  9  22  32  11
18 147 990
1141 / 16.01.2013 23:00
23  8  32  35  6 
13 151 820
1140 / 15.01.2013 23:00
3  20  15  9  30 
11 260 965
1139 / 14.01.2013 23:00
28  3  31  6  24 
9 339 765
1138 / 13.01.2013 23:00
30  4  3  6  20 
7 926 315
1137 / 12.01.2013 23:00
29  32  8  1  19 
6 594 555
1136 / 11.01.2013 23:00
30  14  11  17  10 
5 496 750
1135 / 10.01.2013 23:00
26  17  21  7  1 
4 595 775
1134 / 09.01.2013 23:00
8  23  14  25  28 
3 870 450
1133 / 08.01.2013 23:00
16  28  36  22  19 
2 989 530
1132 / 07.01.2013 23:00
25  7  12  2  36 
2 238 375
1131 / 06.01.2013 23:00
15  3  2  1  12 
2 000 000
1130 / 05.01.2013 23:00
4  12  19  29  25 
2 000 000
1129 / 04.01.2013 23:00
27  20  32  9  2 
2 000 000
1128 / 30.12.2012 23:00
5  19  36  30  6
3 730 305
1127 / 29.12.2012 23:00
13  20  9  16  29 
1 253 745
1126 / 28.12.2012 23:00
36  12  30  4  20 
2 000 000
1125 / 27.12.2012 23:00
20  21  2  31  10 
300 000
1124 / 26.12.2012 23:00
29  15  35  5  28
11 076 495
1123 / 25.12.2012 23:00
9  30  26  24  19 
8 053 980
1122 / 24.12.2012 23:00
34  27  22  23  33 
6 451 650
1121 / 23.12.2012 23:00
6  34  26  33  18 
5 329 035
1120 / 22.12.2012 23:00
9  2  4  27  35 
4 515 750
1119 / 21.12.2012 23:00
29  14  7  30  4 
3 453 120
1118 / 20.12.2012 23:00
33  30  15  16  7 
2 830 065
1117 / 19.12.2012 23:00
11  13  5  18  24 
2 057 325
1116 / 18.12.2012 23:00
12  4  14  15  6 
1 481 670
1115 / 17.12.2012 23:00
11  36  27  5  35 
2 000 000
1114 / 16.12.2012 23:00
20  3  1  17  24 
2 000 000
1113 / 15.12.2012 23:00
3  35  9  18  28
3 208 065
1112 / 14.12.2012 23:00
17  1  13  32  11 
2 000 000
1111 / 13.12.2012 23:00
21  12  19  6  26 
1 130 580
1110 / 12.12.2012 23:00
34  30  21  20  24 
403 605
1109 / 11.12.2012 23:00
3  26  4  10  32 
300 000
1108 / 10.12.2012 23:00
34  27  31  8  11
542 565
1107 / 09.12.2012 23:00
5  7  18  10  24 
300 000
1106 / 08.12.2012 23:00
30  35  22  11  33
391 395
1105 / 07.12.2012 23:00
23  2  7  30  32
975 435
1104 / 06.12.2012 23:00
14  16  5  3  24 
300 000
1103 / 05.12.2012 23:00
21  7  3  4  13
1 309 890
1102 / 04.12.2012 23:00
15  14  5  30  26 
467 625
1101 / 03.12.2012 23:00
24  2  32  34  25 
300 000
1100 / 02.12.2012 23:00
27  7  13  23  4
1 094 205
1099 / 01.12.2012 23:00
26  34  28  4  14 
457 635
1098 / 30.11.2012 23:00
36  22  7  16  23 
300 000
1097 / 29.11.2012 23:00
14  35  30  4  24
4 976 580
1096 / 28.11.2012 23:00
6  23  3  9  25 
3 062 250
1095 / 27.11.2012 23:00
36  14  24  2  33 
2 245 455
1094 / 26.11.2012 23:00
23  6  32  28  27 
1 567 440
1093 / 25.11.2012 23:00
27  32  9  14  7 
1 179 045
1092 / 24.11.2012 23:00
25  19  23  6  26 
645 285
1091 / 23.11.2012 23:00
10  36  17  5  33 
300 000
1090 / 22.11.2012 23:00
29  6  15  20  10 
300 000
1089 / 21.11.2012 23:00
2  22  29  21  35
5 364 000
1088 / 20.11.2012 23:00
7  13  35  30  23 
3 606 210
1087 / 19.11.2012 23:00
11  18  33  36  8 
2 903 250
1086 / 18.11.2012 23:00
21  32  27  35  30 
2 310 255
1085 / 17.11.2012 23:00
9  26  10  13  31 
1 785 495
1084 / 16.11.2012 23:00
19  34  35  11  4 
1 074 165
1083 / 15.11.2012 23:00
15  8  14  10  28 
763 275
1082 / 14.11.2012 23:00
36  15  25  11  3 
352 125
1081 / 13.11.2012 23:00
13  20  30  10  12 
300 000
1080 / 12.11.2012 23:00
17  36  12  22  18
1 503 195
1079 / 11.11.2012 23:00
13  1  29  8  30 
515 160
1078 / 10.11.2012 23:00
35  19  29  25  1 
300 000
1077 / 09.11.2012 23:00
23  27  15  35  6
5 235 330
1076 / 08.11.2012 23:00
32  22  35  14  24 
3 623 745
1075 / 07.11.2012 23:00
4  27  21  33  1 
2 711 565
1074 / 06.11.2012 23:00
10  15  19  21  8 
2 167 680
1073 / 05.11.2012 23:00
12  27  30  18  24 
1 534 395
1072 / 04.11.2012 23:00
12  5  4  23  18 
1 013 730
1071 / 03.11.2012 23:00
28  31  30  23  34 
498 360
1070 / 02.11.2012 23:00
5  26  35  28  32 
300 000
1069 / 01.11.2012 23:00
15  36  10  20  3
4 689 840
1068 / 31.10.2012 23:00
7  14  29  20  10 
3 248 280
1067 / 30.10.2012 23:00
10  12  35  21  28 
2 713 380
1066 / 29.10.2012 23:00
10  13  3  36  25 
2 016 630
1065 / 28.10.2012 23:00
8  34  3  1  6 
1 408 185
1064 / 27.10.2012 23:00
6  2  27  18  36 
954 450
1063 / 26.10.2012 23:00
32  30  36  14  23 
384 030
1062 / 25.10.2012 23:00
18  22  10  4  1 
300 000
1061 / 24.10.2012 23:00
27  2  23  19  8
2 267 550
1060 / 23.10.2012 23:00
36  32  34  5  24 
1 209 735
1059 / 22.10.2012 23:00
36  35  32  13  19 
606 285
1058 / 21.10.2012 23:00
14  18  25  28  29 
301 980
1057 / 20.10.2012 23:00
17  27  13  23  4 
300 000
1056 / 19.10.2012 23:00
22  11  24  30  4
6 181 335
1055 / 18.10.2012 23:00
27  2  32  35  3 
4 268 955
1054 / 17.10.2012 23:00
9  20  24  26  18 
3 268 950
1053 / 16.10.2012 23:00
32  9  28  7  1 
2 637 360
1052 / 15.10.2012 23:00
1  13  10  28  33 
1 982 910
1051 / 14.10.2012 23:00
3  10  6  28  18 
1 450 275
1050 / 13.10.2012 23:00
29  3  2  7  14 
961 080
1049 / 12.10.2012 23:00
13  23  25  32  33 
453 645
1048 / 11.10.2012 23:00
6  29  32  35  20 
300 000
1047 / 10.10.2012 23:00
32  1  4  28  3
1 760 475
1046 / 09.10.2012 23:00
34  18  9  7  16 
643 695
1045 / 08.10.2012 23:00
9  19  27  23  36 
325 200
1044 / 07.10.2012 23:00
23  22  21  36  8 
300 000
1043 / 06.10.2012 23:00
29  27  1  4  12
401 565
1042 / 05.10.2012 23:00
5  15  35  18  29
5 754 825
1041 / 04.10.2012 23:00
7  10  8  33  36 
4 086 495
1040 / 03.10.2012 23:00
9  33  32  13  8 
3 142 335
1039 / 02.10.2012 23:00
18  14  4  20  30 
2 291 400
1038 / 01.10.2012 23:00
8  28  11  27  36 
1 780 185
1037 / 30.09.2012 23:00
29  14  28  2  17 
1 306 845
1036 / 29.09.2012 23:00
27  30  31  2  33 
712 980
1035 / 28.09.2012 23:00
19  12  34  11  28 
300 000
1034 / 27.09.2012 23:00
11  10  36  8  27 
300 000
1033 / 26.09.2012 23:00
4  1  29  3  36
7 924 440
1032 / 25.09.2012 23:00
31  18  4  15  20 
5 137 200
1031 / 24.09.2012 23:00
9  32  20  31  16 
4 188 450
1030 / 23.09.2012 23:00
12  17  30  15  3 
3 405 375
1029 / 22.09.2012 23:00
11  9  32  21  33 
3 093 570
1028 / 21.09.2012 23:00
35  13  6  17  8 
2 355 630
1027 / 20.09.2012 23:00
11  15  26  29  27 
1 901 220
1026 / 19.09.2012 23:00
26  20  18  2  23 
1 174 860
1025 / 18.09.2012 23:00
7  3  12  29  22 
794 445
1024 / 17.09.2012 23:00
36  28  32  6  24 
300 000
1023 / 16.09.2012 23:00
2  28  19  3  17 
300 000
1022 / 15.09.2012 23:00
28  14  20  34  1
2 198 745
1021 / 14.09.2012 23:00
20  34  24  36  12 
789 330
1020 / 13.09.2012 23:00
14  16  22  23  27 
482 385
1019 / 12.09.2012 23:00
22  28  19  5  4 
300 000
1018 / 11.09.2012 23:00
34  22  5  7  30
845 670
1017 / 10.09.2012 23:00
1  7  9  15  36 
300 000
1016 / 09.09.2012 23:00
28  13  21  22  32
1 209 510
1015 / 08.09.2012 23:00
29  15  2  1  19 
491 475
1014 / 07.09.2012 23:00
35  24  14  16  18 
300 000
1013 / 06.09.2012 23:00
31  7  10  11  4
10 163 805
1012 / 05.09.2012 23:00
20  13  32  25  5 
7 639 875
1011 / 04.09.2012 23:00
5  12  26  6  1 
6 320 850
1010 / 03.09.2012 23:00
5  9  28  25  35 
5 170 275
1009 / 02.09.2012 23:00
7  12  9  23  29 
4 570 290
1008 / 01.09.2012 23:00
33  21  29  16  35 
3 946 800
1007 / 31.08.2012 23:00
4  7  16  8  33 
3 048 825
1006 / 30.08.2012 23:00
7  32  5  19  2 
2 282 805
1005 / 29.08.2012 23:00
17  12  33  35  23 
1 589 010
1004 / 28.08.2012 23:00
21  22  27  19  2 
1 004 985
1003 / 27.08.2012 23:00
7  22  13  23  29 
576 960
1002 / 26.08.2012 23:00
9  25  21  22  10 
378 585
1001 / 25.08.2012 23:00
3  12  27  8  14 
300 000
1000 / 24.08.2012 23:00
2  12  27  11  25
5 000 000